{"frames": [{"file_path": "images/00000000.png", "transform_matrix": [[0.5250383857004993, 0.30639472162244, -0.7940132040280387, -4.009087012436809], [-0.8500288161360217, 0.14246201451424284, -0.5071051036615755, -2.387299582393198], [-0.04225760647296412, 0.9411837488232818, 0.3352423686152482, 1.3675979183907485], [0.0, 0.0, 0.0, 1.0]]}, {"file_path": "images/00000001.png", "transform_matrix": [[0.5259451025303578, 0.30571429472425804, -0.793675323538241, -4.0077286266959735], [-0.8494952711102784, 0.1430600876661503, -0.5078302823571158, -2.3853499807732605], [-0.04170771524658549, 0.9413142840649905, 0.33494460015464705, 1.3648832861228257], [0.0, 0.0, 0.0, 1.0]]}, {"file_path": "images/00000002.png", "transform_matrix": [[0.5271669691034142, 0.30550576437733956, -0.7929446479335667, -4.005468242500687], [-0.8487515374108803, 0.14381478400133613, -0.5088596423828444, -2.3834092802498903], [-0.04142239073936915, 0.9412669843893556, 0.3351128909974003, 1.3631289615765692], [0.0, 0.0, 0.0, 1.0]]}, {"file_path": "images/00000003.png", "transform_matrix": [[0.528227666413456, 0.3047534190505061, -0.7925281610645591, -4.002406820112509], [-0.8481266280841906, 0.1446266241007512, -0.5096708372434522, -2.3797624961826083], [-0.04070325780073251, 0.9413864739015503, 0.3348652738464306, 1.3587086273896853], [0.0, 0.0, 0.0, 1.0]]}, {"file_path": "images/00000004.png", "transform_matrix": [[0.5295257399621909, 0.30473990558640024, -0.7916666474777352, -4.002054429805723], [-0.8473326976656885, 0.1455969931124039, -0.5107140247378114, -2.379446818582757], [-0.040370660260115425, 0.94124125791762, 0.335313441801028, 1.3582839611842696], [0.0, 0.0, 0.0, 1.0]]}, {"file_path": "images/00000005.png", "transform_matrix": [[0.5301656998356299, 0.3042779866709269, -0.7914159700266569, -4.002783952605206], [-0.8469548164854129, 0.14612489494375663, -0.5111898413608353, -2.381321346390586], [-0.039898240258948996, 0.9413088876514851, 0.3351801135526912, 1.357756395490185], [0.0, 0.0, 0.0, 1.0]]}, {"file_path": "images/00000006.png", "transform_matrix": [[0.5310848383941711, 0.3040032737286861, -0.7909051169754999, -4.002939283962825], [-0.8463966253322502, 0.14680333758108888, -0.5119194591944237, -2.385292382291152], [-0.0395176805985584, 0.9412920852231742, 0.3352723717888944, 1.358549006819791], [0.0, 0.0, 0.0, 1.0]]}, {"file_path": "images/00000007.png", "transform_matrix": [[0.5318590648709282, 0.30368865754537727, -0.7905056194998609, -4.002214735364048], [-0.845931220725827, 0.14746504297393573, -0.5124982252678414, -2.388773739532649], [-0.03906795287529443, 0.9412902105331089, 0.3353303366552179, 1.3595671273379537], [0.0, 0.0, 0.0, 1.0]]}, {"file_path": "images/00000008.png", "transform_matrix": [[0.5327830790044933, 0.30361860954569436, -0.7899100776240175, -3.999205858739233], [-0.8453604405204149, 0.14811892644663752, -0.5132509222905554, -2.3933155164504054], [-0.03883189868685415, 0.9412101378716136, 0.335582419206824, 1.3608919755663573], [0.0, 0.0, 0.0, 1.0]]}, {"file_path": "images/00000009.png", "transform_matrix": [[0.5336807218881117, 0.3032612822128392, -0.7894412466191254, -3.9949411416379568], [-0.8448045453546661, 0.14856659956945603, -0.5140362298915753, -2.398838406046949], [-0.0386026846106972, 0.9412547796794716, 0.3354836397501806, 1.3610234375570214], [0.0, 0.0, 0.0, 1.0]]}, {"file_path": "images/00000010.png", "transform_matrix": [[0.5346499731951977, 0.3031462271552728, -0.7888293676023024, -3.992179412057707], [-0.8442018840722363, 0.14920555074235894, -0.5148406380203833, -2.4063584967289087], [-0.0383742767672445, 0.9411907716587721, 0.3356893598188488, 1.363435424045941], [0.0, 0.0, 0.0, 1.0]]}, {"file_path": "images/00000011.png", "transform_matrix": [[0.5354419918175107, 0.30277886728055253, -0.788433149350503, -3.9902067463788753], [-0.8437210608023026, 0.14986703450602085, -0.5154363622482296, -2.414915641273849], [-0.03790309991732512, 0.9412039255990717, 0.3357060105541553, 1.365481264889611], [0.0, 0.0, 0.0, 1.0]]}, {"file_path": "images/00000012.png", "transform_matrix": [[0.536509841943206, 0.3023821754284695, -0.7878592574496873, -3.987825850854955], [-0.8430473761582368, 0.15023770627499208, -0.5164298143665034, -2.4278956142312405], [-0.0377930030175046, 0.9412723578554689, 0.33552650763949704, 1.3680473457837046], [0.0, 0.0, 0.0, 1.0]]}, {"file_path": "images/00000013.png", "transform_matrix": [[0.5375003035220479, 0.30235716770821747, -0.7871934748949088, -3.9838515261917506], [-0.8424270727833881, 0.15096350832254657, -0.5172297808491306, -2.4417283504886855], [-0.037550642893133354, 0.9411642589669532, 0.33585679527163204, 1.3730282504167048], [0.0, 0.0, 0.0, 1.0]]}, {"file_path": "images/00000014.png", "transform_matrix": [[0.538495109868441, 0.30215391159239874, -0.7865913999181143, -3.978084413618517], [-0.8418003355965412, 0.1515258037982925, -0.5180850565047318, -2.456670119965329], [-0.037352532227057415, 0.9411391738521365, 0.33594916854455464, 1.376769942008505], [0.0, 0.0, 0.0, 1.0]]}, {"file_path": "images/00000015.png", "transform_matrix": [[0.5394748367980872, 0.3019492059471019, -0.7859984590045593, -3.9721111978268553], [-0.8411881876795295, 0.15224832557021242, -0.5188669196144368, -2.4711648426413895], [-0.03700450508558653, 0.9410882660278743, 0.33613024591168844, 1.3810438172910977], [0.0, 0.0, 0.0, 1.0]]}, {"file_path": "images/00000016.png", "transform_matrix": [[0.540435625126996, 0.301885832525392, -0.7853625145638122, -3.9655450179942826], [-0.8405887801923634, 0.15311513107735888, -0.5195827742049932, -2.485310366722316], [-0.036603793996044964, 0.9409679595086982, 0.33651071530007026, 1.3857789299995844], [0.0, 0.0, 0.0, 1.0]]}, {"file_path": "images/00000017.png", "transform_matrix": [[0.5415392617180329, 0.30151611233057196, -0.7847440742630019, -3.9595397180042684], [-0.8398921440201033, 0.15375989256686412, -0.5205180898410923, -2.500166546780125], [-0.03628242629545917, 0.9409813651232517, 0.33650803274443447, 1.3895296121585994], [0.0, 0.0, 0.0, 1.0]]}, {"file_path": "images/00000018.png", "transform_matrix": [[0.542790450874193, 0.30145836194664233, -0.783901385711358, -3.952606040072236], [-0.8390906815611895, 0.15449466533013903, -0.5215920115400404, -2.513762915858368], [-0.03612969116600623, 0.9408795111295022, 0.33680913144033214, 1.3947224193928291], [0.0, 0.0, 0.0, 1.0]]}, {"file_path": "images/00000019.png", "transform_matrix": [[0.543997404844104, 0.3010470291900089, -0.7832225161515085, -3.9446580209715263], [-0.8383310984513284, 0.15539007535209054, -0.522546547067474, -2.5241186950238386], [-0.03560607980592338, 0.9408637578120628, 0.3369088843964366, 1.3990316864417927], [0.0, 0.0, 0.0, 1.0]]}, {"file_path": "images/00000020.png", "transform_matrix": [[0.5453219909824578, 0.30107405038534174, -0.7822904463199348, -3.9351542493278577], [-0.837474207588008, 0.15615781183335983, -0.523690451916907, -2.5341873275547213], [-0.03550884119128979, 0.9407279915332893, 0.3372980406282081, 1.403092661168428], [0.0, 0.0, 0.0, 1.0]]}, {"file_path": "images/00000021.png", "transform_matrix": [[0.5467760482191014, 0.30090211995765576, -0.7813410698068041, -3.9305571842339226], [-0.8365440141624898, 0.15723855539792284, -0.5248525022003433, -2.545015780394425], [-0.035072289487674026, 0.9406029720172111, 0.3376921432475371, 1.4075658947173397], [0.0, 0.0, 0.0, 1.0]]}, {"file_path": "images/00000022.png", "transform_matrix": [[0.5485544737308441, 0.3002894894332338, -0.7803295534283919, -3.925869130974021], [-0.8353994638422976, 0.15824628593814247, -0.5263704482581296, -2.554999058029191], [-0.0345792595223638, 0.9406297547860875, 0.33766838657265935, 1.4105983422223451], [0.0, 0.0, 0.0, 1.0]]}, {"file_path": "images/00000023.png", "transform_matrix": [[0.5503301460714931, 0.2998420458987059, -0.7792505873620864, -3.9201129066444476], [-0.8342584235529913, 0.1595691582224922, -0.5277788992331184, -2.5634240259640984], [-0.03390594465847432, 0.940549005273853, 0.3379614706794475, 1.4123714920334323], [0.0, 0.0, 0.0, 1.0]]}, {"file_path": "images/00000024.png", "transform_matrix": [[0.5526111017850166, 0.29942939773252536, -0.7777936783141378, -3.916227366345226], [-0.8327632957862436, 0.16079711374878466, -0.5297637033640308, -2.573881990553574], [-0.0335598480738799, 0.940471330796297, 0.33821208230359456, 1.413852756983272], [0.0, 0.0, 0.0, 1.0]]}, {"file_path": "images/00000025.png", "transform_matrix": [[0.5550100323612195, 0.29895586817010367, -0.7762662255521663, -3.912144849081825], [-0.8311922212422554, 0.16238422893350585, -0.5317432214337247, -2.5806557527626013], [-0.03291436392387541, 0.94034927082784, 0.3386146682730523, 1.4156329382678219], [0.0, 0.0, 0.0, 1.0]]}, {"file_path": "images/00000026.png", "transform_matrix": [[0.557956380571092, 0.2982148564415615, -0.7744369418135313, -3.903439899997953], [-0.8292335788150386, 0.16379996248306078, -0.5343605936601522, -2.582768214127299], [-0.03250152571183719, 0.9403390195850494, 0.3386830068675784, 1.414120576617972], [0.0, 0.0, 0.0, 1.0]]}, {"file_path": "images/00000027.png", "transform_matrix": [[0.5609859289849951, 0.2972510571157541, -0.7726167203680991, -3.8955144028022404], [-0.8272348600575699, 0.16604734038191257, -0.5367595057922164, -2.583468174588887], [-0.03126137896194751, 0.9402500145502198, 0.3390466581347508, 1.4141008505530313], [0.0, 0.0, 0.0, 1.0]]}, {"file_path": "images/00000028.png", "transform_matrix": [[0.5655186157225228, 0.2953710038031534, -0.7700290029937498, -3.886554514271653], [-0.8241927298939741, 0.168532974559991, -0.5406505160235757, -2.5873633370928424], [-0.02991720725257565, 0.9404002374862769, 0.33875116843281017, 1.4118702501803169], [0.0, 0.0, 0.0, 1.0]]}, {"file_path": "images/00000029.png", "transform_matrix": [[0.5699783974824991, 0.29377980523062, -0.7673448067915037, -3.8744667412834146], [-0.8211774389971831, 0.17168143780864129, -0.5442362516358719, -2.591432012440445], [-0.0281467602800698, 0.9403291498281348, 0.33910005888803274, 1.4113214257409465], [0.0, 0.0, 0.0, 1.0]]}, {"file_path": "images/00000030.png", "transform_matrix": [[0.5748227182332815, 0.29172809668317173, -0.7645087051672232, -3.8588871154757918], [-0.8178522689131743, 0.17469299727761278, -0.5482700273919917, -2.597576109970496], [-0.026391454409007215, 0.9404132465961902, 0.3390079893294907, 1.408099553049327], [0.0, 0.0, 0.0, 1.0]]}, {"file_path": "images/00000031.png", "transform_matrix": [[0.5796809119008197, 0.28990861285397657, -0.7615267799879833, -3.843391287130949], [-0.814476230736673, 0.17808942500900385, -0.5521889407309992, -2.6039903925134054], [-0.024464463463612713, 0.9403388500741445, 0.3393587145445165, 1.405928204497013], [0.0, 0.0, 0.0, 1.0]]}, {"file_path": "images/00000032.png", "transform_matrix": [[0.5846239050239329, 0.28770697134885603, -0.7585773450214456, -3.827376070726731], [-0.810992766963875, 0.18132663564758475, -0.5562475915792219, -2.612016017633618], [-0.022486032042137605, 0.9403963791442576, 0.33933615858614813, 1.40252023071791], [0.0, 0.0, 0.0, 1.0]]}, {"file_path": "images/00000033.png", "transform_matrix": [[0.5896093347698722, 0.2855565092028774, -0.7555251898329036, -3.8072107158864092], [-0.8074270998283469, 0.18458758037327588, -0.5603471278015111, -2.622857605535676], [-0.020550203054542575, 0.9404174101373027, 0.33940062453345365, 1.3993509927316565], [0.0, 0.0, 0.0, 1.0]]}, {"file_path": "images/00000034.png", "transform_matrix": [[0.594746101680216, 0.2834561838432973, -0.7522829696630984, -3.7878508997158753], [-0.8036996231508992, 0.18805973153548755, -0.5645356083743365, -2.639842205477687], [-0.018546975879882095, 0.9403648915613799, 0.33966142034840935, 1.3990379311050225], [0.0, 0.0, 0.0, 1.0]]}, {"file_path": "images/00000035.png", "transform_matrix": [[0.5997141685197793, 0.2815339737264629, -0.7490537616101839, -3.767822418504193], [-0.8000422871221675, 0.19154059421512376, -0.5685459872206713, -2.6590319418423047], [-0.016590808430582155, 0.940239768607379, 0.340108692440219, 1.4015861389110134], [0.0, 0.0, 0.0, 1.0]]}, {"file_path": "images/00000036.png", "transform_matrix": [[0.6052239736424143, 0.27928982962909793, -0.7454536423294107, -3.745083967676652], [-0.7959185663501487, 0.19495003174410544, -0.5731562796155824, -2.680343246116611], [-0.014750508448806062, 0.940208315350369, 0.3402803936684513, 1.4044556921246478], [0.0, 0.0, 0.0, 1.0]]}, {"file_path": "images/00000037.png", "transform_matrix": [[0.6106672995376302, 0.2772108915791757, -0.7417813498149209, -3.7230186391928037], [-0.7917858010491616, 0.1987498737430864, -0.5775584238366919, -2.7017633590362222], [-0.012676535990141161, 0.9400279832761008, 0.34086169653070575, 1.4082555411777513], [0.0, 0.0, 0.0, 1.0]]}, {"file_path": "images/00000038.png", "transform_matrix": [[0.6157840074064672, 0.2749343147899217, -0.738390939029846, -3.700081993201642], [-0.7878476053707189, 0.20259514427186215, -0.5815938086239975, -2.719197330249987], [-0.010305676438312329, 0.939875699299378, 0.3413611913622979, 1.41111504755351], [0.0, 0.0, 0.0, 1.0]]}, {"file_path": "images/00000039.png", "transform_matrix": [[0.6211760862980795, 0.27252206558914294, -0.7347598203810392, -3.6777760133967674], [-0.7836289604581823, 0.20628886183968806, -0.585978291247034, -2.7371727885268853], [-0.00811924724910006, 0.9397747758441057, 0.3416978908039996, 1.4138495517285725], [0.0, 0.0, 0.0, 1.0]]}, {"file_path": "images/00000040.png", "transform_matrix": [[0.6269181835490232, 0.2702260481453054, -0.730719832841092, -3.65170163747911], [-0.7790624784265734, 0.21029337666344608, -0.5906253892612561, -2.7549730724468686], [-0.005936823831249959, 0.9395502002022367, 0.3423597165137385, 1.4170877790915628], [0.0, 0.0, 0.0, 1.0]]}, {"file_path": "images/00000041.png", "transform_matrix": [[0.6322323823698245, 0.2676073145169402, -0.7270959633830714, -3.6267830658430995], [-0.774770957054251, 0.2141427331682894, -0.5948721324260653, -2.7729405165358525], [-0.003489816965023651, 0.9394302609097365, 0.34272234554118103, 1.4193220226691787], [0.0, 0.0, 0.0, 1.0]]}, {"file_path": "images/00000042.png", "transform_matrix": [[0.6380873052872513, 0.2649692821196248, -0.7229355921741671, -3.603797868990153], [-0.769962642196742, 0.217810159304046, -0.5997635068308483, -2.7967223093383278], [-0.0014561893484984565, 0.939334878571819, 0.34299834617630603, 1.4236251334622205], [0.0, 0.0, 0.0, 1.0]]}, {"file_path": "images/00000043.png", "transform_matrix": [[0.6437871528824552, 0.26261982461017147, -0.7187272984750016, -3.5796314011578985], [-0.7652038331027371, 0.2222910381910473, -0.6041935022370768, -2.81870102076949], [0.0010934457661484801, 0.938944898343936, 0.34406581102877115, 1.4295130578610509], [0.0, 0.0, 0.0, 1.0]]}, {"file_path": "images/00000044.png", "transform_matrix": [[0.6495170158410751, 0.2598180506552519, -0.7145783559236586, -3.552809129240175], [-0.760338710059371, 0.22634735912735418, -0.6088118913112684, -2.8376912080552517], [0.0035626049366558146, 0.9387552682323994, 0.34456618272926176, 1.430929384875196], [0.0, 0.0, 0.0, 1.0]]}, {"file_path": "images/00000045.png", "transform_matrix": [[0.6554420864554868, 0.2570393788485263, -0.7101594392050218, -3.5260164238394], [-0.7552221099558728, 0.23045601103019092, -0.6136200710655834, -2.8568706440674725], [0.005935989638940681, 0.9385205297516888, 0.3451723907415679, 1.433541628980251], [0.0, 0.0, 0.0, 1.0]]}, {"file_path": "images/00000046.png", "transform_matrix": [[0.6616764039654424, 0.2543834672292815, -0.7053179340579104, -3.498101406461106], [-0.7497462626187105, 0.23458154002163661, -0.618750388097682, -2.8749068658554235], [0.00805469810243205, 0.9382220167665672, 0.345940123665335, 1.4372826960795917], [0.0, 0.0, 0.0, 1.0]]}, {"file_path": "images/00000047.png", "transform_matrix": [[0.6680103936407615, 0.25131128667961233, -0.7004318319746055, -3.468491226846164], [-0.7440799176193608, 0.2386707505559209, -0.6240042860632594, -2.891117756495203], [0.010353271026487336, 0.9380186086002852, 0.3464302235187782, 1.4374463269630036], [0.0, 0.0, 0.0, 1.0]]}, {"file_path": "images/00000048.png", "transform_matrix": [[0.6741375720407695, 0.24787738634627327, -0.6957695993423872, -3.441149782996831], [-0.738490348482535, 0.24286165809273463, -0.6290073292317593, -2.908341975335086], [0.01305906578419177, 0.937856607606063, 0.34677722595223115, 1.4375928100320676], [0.0, 0.0, 0.0, 1.0]]}, {"file_path": "images/00000049.png", "transform_matrix": [[0.680535926637889, 0.24461060862297632, -0.690678291806074, -3.411436829416341], [-0.7325512576490626, 0.247050217285219, -0.6342987033384052, -2.9265576933606354], [0.015476030192502724, 0.9376203071350612, 0.3473163575273524, 1.4394507633852303], [0.0, 0.0, 0.0, 1.0]]}, {"file_path": "images/00000050.png", "transform_matrix": [[0.6870537473352681, 0.2409059488969342, -0.6855081853096886, -3.38004540284719], [-0.726375994796133, 0.2514870698589496, -0.6396344017314634, -2.9447077855543475], [0.01830471239161872, 0.937399902679374, 0.34777343203527467, 1.4402048365699962], [0.0, 0.0, 0.0, 1.0]]}, {"file_path": "images/00000051.png", "transform_matrix": [[0.6938164381265467, 0.2375291811835406, -0.679851923833137, -3.352107387050443], [-0.719847616489433, 0.2561860873417966, -0.645126419926872, -2.965799352310681], [0.02093225405350585, 0.9369891017520351, 0.34873093353872014, 1.444056115658788], [0.0, 0.0, 0.0, 1.0]]}, {"file_path": "images/00000052.png", "transform_matrix": [[0.7005136480469836, 0.2341131300821888, -0.6741451411164929, -3.3246318834000825], [-0.7132466853157329, 0.26100015283366185, -0.6505060231140094, -2.9839938723087065], [0.02365998365493804, 0.9365201346511782, 0.34981458322234116, 1.4476307202798795], [0.0, 0.0, 0.0, 1.0]]}, {"file_path": "images/00000053.png", "transform_matrix": [[0.7072063434127538, 0.23014649387365585, -0.6684996479149223, -3.3003913122614796], [-0.7065095194577141, 0.26552092169058406, -0.6560052888970426, -3.0022097193666064], [0.026523325461972298, 0.9362324666263295, 0.35037876891993663, 1.4502988610407457], [0.0, 0.0, 0.0, 1.0]]}, {"file_path": "images/00000054.png", "transform_matrix": [[0.7139980545523171, 0.2263999395046131, -0.662532901489249, -3.274231848851195], [-0.6995320946153534, 0.27034793600283247, -0.6614883537166348, -3.020333036282281], [0.029353479187134504, 0.9357644259930563, 0.3514019242607083, 1.454920497928196], [0.0, 0.0, 0.0, 1.0]]}, {"file_path": "images/00000055.png", "transform_matrix": [[0.7207513745094494, 0.222524234764188, -0.6565062232403445, -3.2499194037336956], [-0.6924477231445176, 0.2750461995572393, -0.6669825626069786, -3.0408267528928663], [0.032149757342758614, 0.9353248382857996, 0.35232632609141895, 1.461169462120129], [0.0, 0.0, 0.0, 1.0]]}, {"file_path": "images/00000056.png", "transform_matrix": [[0.727379688655828, 0.21863110047346765, -0.6504761567533895, -3.228102111454243], [-0.6853390621260703, 0.2798640807908434, -0.6722993873327074, -3.0609199291263898], [0.03505935678596051, 0.9348136382463093, 0.3534038813016704, 1.4694505930820687], [0.0, 0.0, 0.0, 1.0]]}, {"file_path": "images/00000057.png", "transform_matrix": [[0.7344314355221985, 0.2144249841005941, -0.6439195545859842, -3.2059142615643927], [-0.6776324512185681, 0.2844463575670245, -0.6781626137756688, -3.0799156302645696], [0.03774556419169941, 0.9344047281144211, 0.3542076742955987, 1.4772467590156266], [0.0, 0.0, 0.0, 1.0]]}, {"file_path": "images/00000058.png", "transform_matrix": [[0.7411969550962503, 0.21033128361430345, -0.6374855488222115, -3.18717905653748], [-0.670029960104936, 0.2899038822205381, -0.6833853902710519, -3.0928308786326615], [0.041072209124077864, 0.9336575872709875, 0.3558041363413568, 1.4878605604111028], [0.0, 0.0, 0.0, 1.0]]}, {"file_path": "images/00000059.png", "transform_matrix": [[0.7480601557201526, 0.2062220561645766, -0.6307760831254979, -3.167203833118516], [-0.6621805678656162, 0.29475611449286954, -0.6889381166047617, -3.1031685924384402], [0.04385087240071865, 0.9330548197089993, 0.35705154316447785, 1.4953893229426796], [0.0, 0.0, 0.0, 1.0]]}, {"file_path": "images/00000060.png", "transform_matrix": [[0.7547422953754919, 0.20062043394833307, -0.6245922743051392, -3.1466883351605377], [-0.654287948567633, 0.29936832735739566, -0.6944680589739701, -3.1120291099035966], [0.04765866108446705, 0.9328076147412796, 0.35720947072124587, 1.4979306163118014], [0.0, 0.0, 0.0, 1.0]]}, {"file_path": "images/00000061.png", "transform_matrix": [[0.7618605267426382, 0.19565781868707405, -0.6174840531106822, -3.123526239053159], [-0.6457371585467875, 0.3043451809448355, -0.7002838945086887, -3.124611080416865], [0.050912276613262315, 0.9322510546434226, 0.3582121037526699, 1.5035906928199736], [0.0, 0.0, 0.0, 1.0]]}, {"file_path": "images/00000062.png", "transform_matrix": [[0.7684977553857032, 0.1905229603182779, -0.6108291100026632, -3.101530813107148], [-0.6375095956652351, 0.3096098670148854, -0.7054950359020631, -3.1361937679708496], [0.05470571678683501, 0.9315807704648459, 0.35939470324365486, 1.5092019667646739], [0.0, 0.0, 0.0, 1.0]]}, {"file_path": "images/00000063.png", "transform_matrix": [[0.7754358037536875, 0.18498727962309278, -0.6037209791803415, -3.07430798209127], [-0.6287208688052096, 0.31461946742447977, -0.7111432062862157, -3.145550276256368], [0.058389925789374006, 0.9310178822967233, 0.36027256276140207, 1.5110520810106118], [0.0, 0.0, 0.0, 1.0]]}, {"file_path": "images/00000064.png", "transform_matrix": [[0.7822994095739577, 0.1793551448139468, -0.5965227287178211, -3.0494951741089533], [-0.6197666069367717, 0.3200904393319644, -0.7165413202147042, -3.156238797209783], [0.062425850054505176, 0.9302547192774169, 0.36156489123765795, 1.5160323268419909], [0.0, 0.0, 0.0, 1.0]]}, {"file_path": "images/00000065.png", "transform_matrix": [[0.7889253543610844, 0.17378318536654555, -0.5894032488865704, -3.0244972363050513], [-0.6109081984968876, 0.32521401121213944, -0.7218220140181913, -3.167741140503883], [0.06624166592809247, 0.9295349651604421, 0.36273515174005394, 1.522626198590346], [0.0, 0.0, 0.0, 1.0]]}, {"file_path": "images/00000066.png", "transform_matrix": [[0.7960393773375342, 0.1675033011996806, -0.5816046370888304, -2.997716358372283], [-0.60115125552428, 0.3303900137137899, -0.727639750714915, -3.1807009876804964], [0.07027430369492199, 0.9288622518898344, 0.3636982806159145, 1.5277888860941937], [0.0, 0.0, 0.0, 1.0]]}, {"file_path": "images/00000067.png", "transform_matrix": [[0.802992411646051, 0.16134625602299585, -0.5737338865486081, -2.971419904169184], [-0.5913148381899301, 0.3360123545004303, -0.7331046717626168, -3.1931893176541406], [0.07449798001401559, 0.9279348486562216, 0.3652218061559571, 1.5345033994282136], [0.0, 0.0, 0.0, 1.0]]}, {"file_path": "images/00000068.png", "transform_matrix": [[0.8097356712499181, 0.15453390702004074, -0.566080748970071, -2.943602795915631], [-0.5814330886112353, 0.3414107208965126, -0.7384946060233637, -3.2043840839771303], [0.07914357980949402, 0.9271235037998031, 0.36630356611087994, 1.5385739898236825], [0.0, 0.0, 0.0, 1.0]]}, {"file_path": "images/00000069.png", "transform_matrix": [[0.8164409944671217, 0.14768713229209282, -0.5582227275710167, -2.9156088321233575], [-0.571321303492084, 0.3468451366264956, -0.7438349409481474, -3.2174729556214636], [0.08376198888509465, 0.9262218752618789, 0.3675553932035472, 1.542867878153174], [0.0, 0.0, 0.0, 1.0]]}, {"file_path": "images/00000070.png", "transform_matrix": [[0.8234968956692875, 0.14053705729031502, -0.5496382432283762, -2.884066857402588], [-0.5603992482416134, 0.352384682195635, -0.7495183242088189, -3.230588891097985], [0.0883489979931232, 0.9252428715432331, 0.36894455312509505, 1.547573518372608], [0.0, 0.0, 0.0, 1.0]]}, {"file_path": "images/00000071.png", "transform_matrix": [[0.8303148355666335, 0.13337958715151466, -0.5410981053720259, -2.849383173692706], [-0.5494816345568468, 0.3579475620233316, -0.754946008749612, -3.242054572019299], [0.09299036066465398, 0.9241663425120555, 0.3704988046674117, 1.552989566657706], [0.0, 0.0, 0.0, 1.0]]}, {"file_path": "images/00000072.png", "transform_matrix": [[0.8372969976140392, 0.1256503060190878, -0.5321144035372237, -2.813996729492465], [-0.537919687246257, 0.36350616332352137, -0.7605956082567019, -3.253127301879446], [0.09785779434477197, 0.923079232721734, 0.37195239248116724, 1.5598413254743628], [0.0, 0.0, 0.0, 1.0]]}, {"file_path": "images/00000073.png", "transform_matrix": [[0.8442655890482701, 0.11792783765257049, -0.522789288646503, -2.778763176380271], [-0.5259992765268493, 0.3692090991496926, -0.7661653882804831, -3.2622016341471785], [0.10266633478212495, 0.9218338604490671, 0.37374049486322425, 1.5684719507438907], [0.0, 0.0, 0.0, 1.0]]}, {"file_path": "images/00000074.png", "transform_matrix": [[0.850782797416182, 0.10939068242518146, -0.514006138375019, -2.7448881045877997], [-0.5142399983114453, 0.3748391075708069, -0.7713966992234578, -3.2723047739007445], [0.10828599084582279, 0.9206135574129862, 0.3751597288656896, 1.5760545188683135], [0.0, 0.0, 0.0, 1.0]]}, {"file_path": "images/00000075.png", "transform_matrix": [[0.8575756962360085, 0.10104990221155016, -0.5043340584932887, -2.7087434240068324], [-0.5017010506233028, 0.3805084088636195, -0.7768586786464, -3.2871288771437097], [0.11340185662360044, 0.9192400492283705, 0.37701160575979115, 1.5867375128812857], [0.0, 0.0, 0.0, 1.0]]}, {"file_path": "images/00000076.png", "transform_matrix": [[0.8642025556272841, 0.09228656378931598, -0.49460806004267854, -2.6710362990460945], [-0.488942536824837, 0.385947336371621, -0.7822914094067656, -3.299733596705343], [0.11869767726535567, 0.9178931548658765, 0.37865950104389334, 1.595324139064597], [0.0, 0.0, 0.0, 1.0]]}, {"file_path": "images/00000077.png", "transform_matrix": [[0.8711041196856316, 0.08411812498737328, -0.48384062849587195, -2.6322567522899187], [-0.47536626265060394, 0.3918006064244147, -0.7877304114605062, -3.310001687931131], [0.12330664644986328, 0.9161967179115076, 0.3812860410480604, 1.6079644509145068], [0.0, 0.0, 0.0, 1.0]]}, {"file_path": "images/00000078.png", "transform_matrix": [[0.8773787761988447, 0.0747153313227381, -0.4739452525441113, -2.5977415920102134], [-0.4622290416976703, 0.39648669273224973, -0.7931851079654585, -3.3165749520557526], [0.1286498975754652, 0.9149950392265088, 0.38240460524598185, 1.6166664078323696], [0.0, 0.0, 0.0, 1.0]]}, {"file_path": "images/00000079.png", "transform_matrix": [[0.8836590462080233, 0.0650045829757886, -0.46359583077808264, -2.5613703843870375], [-0.4484237155853414, 0.40185286144153853, -0.798392415452805, -3.3251675574898623], [0.13439814513299836, 0.9133940453061282, 0.3842505128854735, 1.6278530166650955], [0.0, 0.0, 0.0, 1.0]]}, {"file_path": "images/00000080.png", "transform_matrix": [[0.889950562601528, 0.05563685764416734, -0.45265056750727334, -2.525544051162452], [-0.43421389942623073, 0.40685898175534263, -0.8036940080097357, -3.342069389674364], [0.13944993987387982, 0.9117951025825725, 0.38624267662214795, 1.6405650726118908], [0.0, 0.0, 0.0, 1.0]]}, {"file_path": "images/00000081.png", "transform_matrix": [[0.8959029190340815, 0.04642938264331319, -0.441817012077991, -2.4878270141479617], [-0.4201253661499488, 0.4118200061375849, -0.8086401914713931, -3.3591025853402225], [0.14440441975506083, 0.9100816419580435, 0.38845690699843344, 1.6525841584784693], [0.0, 0.0, 0.0, 1.0]]}, {"file_path": "images/00000082.png", "transform_matrix": [[0.9016998685832749, 0.03703102996242231, -0.43077378040542075, -2.4439199460820342], [-0.40576378950655845, 0.41654111045461906, -0.8135411793063643, -3.3752461003854317], [0.1493087210582505, 0.9083623760250024, 0.39062091560334455, 1.6626807417457272], [0.0, 0.0, 0.0, 1.0]]}, {"file_path": "images/00000083.png", "transform_matrix": [[0.9069889444299055, 0.027661139183921678, -0.4202450667514417, -2.40269544559696], [-0.39187286567599855, 0.4209978627610577, -0.8180442877364172, -3.3942284539027052], [0.15429423803654663, 0.9066397636250577, 0.3926800570327639, 1.674502544355682], [0.0, 0.0, 0.0, 1.0]]}, {"file_path": "images/00000084.png", "transform_matrix": [[0.9121814592205211, 0.017698435032902034, -0.4094041413074094, -2.36096395695042], [-0.377537970299703, 0.4247763706017472, -0.8228183979233008, -3.4158302756600736], [0.15934260729436478, 0.9051252954326621, 0.39415496081770157, 1.6870017484373283], [0.0, 0.0, 0.0, 1.0]]}, {"file_path": "images/00000085.png", "transform_matrix": [[0.9172086841381467, 0.00843117598192401, -0.3983178945027216, -2.317029323698061], [-0.3630403697891455, 0.42949359539789034, -0.826883874202559, -3.4369358628565347], [0.1641033811612753, 0.9030305459062858, 0.3969961127268956, 1.703120529566694], [0.0, 0.0, 0.0, 1.0]]}, {"file_path": "images/00000086.png", "transform_matrix": [[0.9219982489577536, -0.0010766134779628032, -0.3871925488567735, -2.271717167846981], [-0.34850618334744893, 0.43341246119371296, -0.831081872411667, -3.464476713781542], [0.16870882950101096, 0.9011950285267354, 0.3992303238429282, 1.7172204437225855], [0.0, 0.0, 0.0, 1.0]]}, {"file_path": "images/00000087.png", "transform_matrix": [[0.9265254076271575, -0.010616993404550667, -0.3760823693558733, -2.225324205171127], [-0.333987509490892, 0.4369971661278071, -0.83515616521763, -3.4968660202566326], [0.17321377713703406, 0.8994002203152022, 0.40134303429301194, 1.734376659695671], [0.0, 0.0, 0.0, 1.0]]}, {"file_path": "images/00000088.png", "transform_matrix": [[0.9308039556512854, -0.019967272924574214, -0.3649730184874293, -2.1800535269614247], [-0.3195435070928577, 0.4403550956814676, -0.8390347649429326, -3.5285728605414386], [0.1774709646220083, 0.8976016364595698, 0.40350385253411153, 1.7534563454705703], [0.0, 0.0, 0.0, 1.0]]}, {"file_path": "images/00000089.png", "transform_matrix": [[0.9345814431530538, -0.02936312280445598, -0.35453537651562433, -2.137845453845323], [-0.30563756445820656, 0.44372521543399185, -0.8424331500960732, -3.5532630648846624], [0.18205275436418328, 0.8956817181692724, 0.40572287886485847, 1.771515372196761], [0.0, 0.0, 0.0, 1.0]]}, {"file_path": "images/00000090.png", "transform_matrix": [[0.9383712008575806, -0.03880897987020635, -0.34344337604689046, -2.09288066678558], [-0.2911101478639927, 0.4469149702742138, -0.8458852706815995, -3.5788166907935564], [0.18631793063925864, 0.8937342292211535, 0.40807444946897753, 1.789821116275256], [0.0, 0.0, 0.0, 1.0]]}, {"file_path": "images/00000091.png", "transform_matrix": [[0.941991326352503, -0.04823481077318836, -0.33215319383422504, -2.0465870863239273], [-0.27642941239684066, 0.4497956528316126, -0.8492765454528937, -3.6048080157013334], [0.19036575612479864, 0.8918280516885744, 0.41037008319933527, 1.8085881525922463], [0.0, 0.0, 0.0, 1.0]]}, {"file_path": "images/00000092.png", "transform_matrix": [[0.9452051220806101, -0.05753307551655021, -0.3213677371519047, -2.0015246559206044], [-0.26235114355757955, 0.452028257881251, -0.8525504862185886, -3.6267500232485603], [0.19431714986930174, 0.8901462797504405, 0.41216555652038167, 1.8239796838346702], [0.0, 0.0, 0.0, 1.0]]}, {"file_path": "images/00000093.png", "transform_matrix": [[0.9483497522184718, -0.06690991856761679, -0.31009000359957983, -1.9529827050875812], [-0.24775636491829245, 0.4542490529731836, -0.8557304374136284, -3.646642106131341], [0.19811494435473817, 0.8883585203763538, 0.4142096186313023, 1.838970726305332], [0.0, 0.0, 0.0, 1.0]]}, {"file_path": "images/00000094.png", "transform_matrix": [[0.9509965805504658, -0.07647602387951999, -0.2995945954466637, -1.9060261367297178], [-0.233667029504092, 0.45680328378176477, -0.8583300526310439, -3.667025334021347], [0.20249746460482762, 0.8862743242093286, 0.4165484355324708, 1.8539922362368666], [0.0, 0.0, 0.0, 1.0]]}, {"file_path": "images/00000095.png", "transform_matrix": [[0.9535037888888127, -0.08632410770487445, -0.28875365464628383, -1.8608333502010834], [-0.21931780041821938, 0.45840294754542554, -0.8612586371712391, -3.691142793797059], [0.20671290976129472, 0.884542190155739, 0.4181565338974644, 1.8662156342278344], [0.0, 0.0, 0.0, 1.0]]}, {"file_path": "images/00000096.png", "transform_matrix": [[0.9558663333259984, -0.09576214233535214, -0.2777573850993076, -1.813470767575766], [-0.20496929148171306, 0.459963568869336, -0.8639566568197438, -3.71242507532692], [0.2104926184720404, 0.8827588161344966, 0.42003539157342473, 1.8773136490869418], [0.0, 0.0, 0.0, 1.0]]}, {"file_path": "images/00000097.png", "transform_matrix": [[0.9578203403004265, -0.10541770839396652, -0.267333691351632, -1.7684781758656918], [-0.19085808090165313, 0.4621087484657778, -0.8660419721622106, -3.728878189668798], [0.21483339761157197, 0.8805354117825904, 0.42249733719417304, 1.889662733243928], [0.0, 0.0, 0.0, 1.0]]}, {"file_path": "images/00000098.png", "transform_matrix": [[0.9596727481339585, -0.11494862604643219, -0.25654440147273355, -1.7244761390115262], [-0.17661089332503507, 0.4634793582170173, -0.8683291293434506, -3.7460543088488873], [0.21871627492287682, 0.878620337763435, 0.42448732987094256, 1.9015039149695656], [0.0, 0.0, 0.0, 1.0]]}, {"file_path": "images/00000099.png", "transform_matrix": [[0.9612964183664872, -0.12474536588798564, -0.24565787142525333, -1.6820553983319955], [-0.16213137830690388, 0.4647753411228699, -0.8704580968967455, -3.7607196551046336], [0.22276133477873558, 0.8765971001710685, 0.4265617326576589, 1.9143549925658876], [0.0, 0.0, 0.0, 1.0]]}, {"file_path": "images/00000100.png", "transform_matrix": [[0.9628977300089032, -0.13397824226249, -0.2342600952187649, -1.6374263092013361], [-0.14732691613560786, 0.4663146647993763, -0.8722645316506326, -3.7671790263180096], [0.22610338651627546, 0.8744143548958899, 0.42927473094338, 1.9283541758082134], [0.0, 0.0, 0.0, 1.0]]}, {"file_path": "images/00000101.png", "transform_matrix": [[0.9640827994150251, -0.14355750273051088, -0.2234627471186603, -1.5969340536362293], [-0.13294590900789685, 0.4675333802234839, -0.873921005386384, -3.7726879789895755], [0.2299342106314208, 0.8722406673855925, 0.43165550733041397, 1.9402681862127305], [0.0, 0.0, 0.0, 1.0]]}, {"file_path": "images/00000102.png", "transform_matrix": [[0.9651312922317398, -0.15332219373920877, -0.21216477966438968, -1.5545975067520048], [-0.1181235410240624, 0.46820268237334167, -0.8756900577687434, -3.783030209720111], [0.2335988396367357, 0.870217532103384, 0.4337660994232971, 1.9534964257018148], [0.0, 0.0, 0.0, 1.0]]}, {"file_path": "images/00000103.png", "transform_matrix": [[0.9659768219990317, -0.16281731258920798, -0.20094601799943465, -1.5129491575973872], [-0.10329922205572253, 0.46941096726452797, -0.876916537952811, -3.791655911324995], [0.2371034587515801, 0.8678386178245884, 0.4366212126420116, 1.9704995795024973], [0.0, 0.0, 0.0, 1.0]]}, {"file_path": "images/00000104.png", "transform_matrix": [[0.9664202520964037, -0.1724159773889731, -0.19053773155697787, -1.477976811398691], [-0.08921527038919096, 0.4702369259287023, -0.8780192873867796, -3.794799606989626], [0.24098243076194426, 0.865534496302037, 0.4390643504588804, 1.9834505432959182], [0.0, 0.0, 0.0, 1.0]]}, {"file_path": "images/00000105.png", "transform_matrix": [[0.9664787780881666, -0.18256191595575588, -0.18052678032834457, -1.450840822424741], [-0.07499466287547613, 0.4717327229290426, -0.8785465489425277, -3.798972544077557], [0.24554953087716966, 0.8626351401462712, 0.44222849629966166, 1.9964329610786746], [0.0, 0.0, 0.0, 1.0]]}, {"file_path": "images/00000106.png", "transform_matrix": [[0.9665388560004631, -0.19223102965760724, -0.16985249820371331, -1.417346763653554], [-0.06073031604895645, 0.47184030430274554, -0.8795899930926722, -3.8083346847701303], [0.24922774448775503, 0.8604731015708645, 0.4443777367501634, 2.006616854869944], [0.0, 0.0, 0.0, 1.0]]}, {"file_path": "images/00000107.png", "transform_matrix": [[0.9662452894512409, -0.2017407298545658, -0.16022084321019261, -1.3866941652569427], [-0.04725895720995768, 0.4725630604042082, -0.8800288318603638, -3.8156645703157497], [0.25325211084052385, 0.8578955833397702, 0.44707777456452585, 2.0165274318663418], [0.0, 0.0, 0.0, 1.0]]}, {"file_path": "images/00000108.png", "transform_matrix": [[0.9657766196373033, -0.21129027671303835, -0.1504391571248062, -1.3535614599362926], [-0.03367151053043896, 0.47296576890589453, -0.8804371702867475, -3.820154505259643], [0.2571803849614216, 0.8553711477858874, 0.44966481872077024, 2.0248659898063193], [0.0, 0.0, 0.0, 1.0]]}, {"file_path": "images/00000109.png", "transform_matrix": [[0.9650539479473526, -0.22076016932251288, -0.14119428196593103, -1.3188537128272084], [-0.0204857765588436, 0.47359973015502155, -0.8805019185422328, -3.8218537631230256], [0.26124932646467913, 0.8526243271761416, 0.45252684583107095, 2.031447532987079], [0.0, 0.0, 0.0, 1.0]]}, {"file_path": "images/00000110.png", "transform_matrix": [[0.9640757560118461, -0.23035235144775382, -0.13227142896570154, -1.2836329304414031], [-0.007652008840291272, 0.4736675268724089, -0.8806704949911542, -3.826062075711783], [0.2655172000059346, 0.8500452153996884, 0.4548887208381188, 2.0379037961036772], [0.0, 0.0, 0.0, 1.0]]}, {"file_path": "images/00000111.png", "transform_matrix": [[0.9629609558212349, -0.2398508193447044, -0.12319814159101207, -1.2449318781260168], [0.005333881643015335, 0.4737519686469817, -0.880642164508609, -3.8302731476290974], [0.26958810681927703, 0.8473668961658063, 0.4574839844328539, 2.045140590658785], [0.0, 0.0, 0.0, 1.0]]}, {"file_path": "images/00000112.png", "transform_matrix": [[0.9617128117384872, -0.2491620227132778, -0.11413480732639085, -1.2048519975908418], [0.018328609675149963, 0.47400263548320043, -0.880332643733627, -3.8355740671630207], [0.2734456616462761, 0.8445352497364091, 0.4604212008021843, 2.0549790903462966], [0.0, 0.0, 0.0, 1.0]]}, {"file_path": "images/00000113.png", "transform_matrix": [[0.9601381793959414, -0.25864998347971296, -0.10599463467620833, -1.1648865828655603], [0.03044666681813282, 0.47370864361873993, -0.8801551689567244, -3.8429584155376406], [0.277862694533573, 0.8418433981815405, 0.46270078451774, 2.0644497303046796], [0.0, 0.0, 0.0, 1.0]]}, {"file_path": "images/00000114.png", "transform_matrix": [[0.9584920843215357, -0.2678622876550529, -0.09768684257929304, -1.1228357128793558], [0.04269099329866465, 0.47358434444485215, -0.8797132190598216, -3.8525260310808505], [0.28190495464155807, 0.8390278085999362, 0.4653621525362409, 2.0773654638210495], [0.0, 0.0, 0.0, 1.0]]}, {"file_path": "images/00000115.png", "transform_matrix": [[0.9567338228186685, -0.2768033691697849, -0.08966764834088316, -1.0829152913500306], [0.05468165000196948, 0.473733000511421, -0.8789692607709264, -3.8608380484607934], [0.28578017687539886, 0.836036446034392, 0.46837244952695767, 2.0929696005522116], [0.0, 0.0, 0.0, 1.0]]}, {"file_path": "images/00000116.png", "transform_matrix": [[0.954803394153972, -0.28575232548500196, -0.08182962214210646, -1.0436522807694801], [0.06628982972779933, 0.47307748569621877, -0.8785233924049395, -3.8710916717425814], [0.2897518542711455, 0.833392645193408, 0.47063846204130017, 2.1068902446381985], [0.0, 0.0, 0.0, 1.0]]}, {"file_path": "images/00000117.png", "transform_matrix": [[0.9527408612313172, -0.29466233933690006, -0.07388475610479747, -1.0015964742947936], [0.07811148909225088, 0.4726575755902971, -0.8777775410145636, -3.8795866322662915], [0.2935701733463188, 0.8305232820751602, 0.47333669974041714, 2.1226847970019413], [0.0, 0.0, 0.0, 1.0]]}, {"file_path": "images/00000118.png", "transform_matrix": [[0.9505750883206643, -0.30329631178715066, -0.06647066111017963, -0.961571825481836], [0.08934583979275372, 0.47221468009241646, -0.876943907452252, -3.883680609436935], [0.2973622747461572, 0.8276621552402249, 0.47597377491783077, 2.1354209618211812], [0.0, 0.0, 0.0, 1.0]]}, {"file_path": "images/00000119.png", "transform_matrix": [[0.9483142133132039, -0.31182812035781116, -0.05885045666964142, -0.9231531932174536], [0.10052214975316667,