{"frames": [{"file_path": "images/00000000.png", "transform_matrix": [[-0.0430066483832297, 0.3311962632287054, -0.9425812768595258, -5.141759955464017], [-0.994509885686472, -0.10427738018423285, 0.008735860259503217, 0.5270806743903438], [-0.09539662188758481, 0.9377820979702819, 0.33386257850727413, 1.647614594016292], [0.0, 0.0, 0.0, 1.0]]}, {"file_path": "images/00000001.png", "transform_matrix": [[-0.04195815005727067, 0.330968966528199, -0.9427083625952292, -5.139534316648107], [-0.9946070918499191, -0.10340852090544836, 0.007963080225271807, 0.5280734737363247], [-0.09484854498863038, 0.9379585390984506, 0.3335229115285365, 1.6449544684614834], [0.0, 0.0, 0.0, 1.0]]}, {"file_path": "images/00000002.png", "transform_matrix": [[-0.04053020306564655, 0.3312204955373761, -0.942682494821763, -5.136569799368804], [-0.9946934061373617, -0.10266557379086963, 0.0066938588067883414, 0.5285017821073127], [-0.09456389600244318, 0.9379513651370575, 0.3336238994421727, 1.643227766667414], [0.0, 0.0, 0.0, 1.0]]}, {"file_path": "images/00000003.png", "transform_matrix": [[-0.039303408188230055, 0.3310538053303193, -0.9427929890220097, -5.1319776576705225], [-0.9948105299169298, -0.10157918985944772, 0.005803253792129606, 0.5300318345766919], [-0.09384695877884089, 0.9381284806635638, 0.3333282198741468, 1.6388939612425486], [0.0, 0.0, 0.0, 1.0]]}, {"file_path": "images/00000004.png", "transform_matrix": [[-0.03778433312372429, 0.33158806552751297, -0.9426673321156666, -5.131507749426903], [-0.9949006476605714, -0.10076228517265953, 0.004434317539255976, 0.5301174905257401], [-0.0935149477668124, 0.9380278869814198, 0.33370441689911023, 1.6384744115287297], [0.0, 0.0, 0.0, 1.0]]}, {"file_path": "images/00000005.png", "transform_matrix": [[-0.03704377794376918, 0.331502282088994, -0.9427268934073072, -5.133162973713322], [-0.9949726614440776, -0.10007063905189474, 0.003907707680148468, 0.5290063414930156], [-0.09304386866097085, 0.938132242403949, 0.3335427024166015, 1.6378828340040261], [0.0, 0.0, 0.0, 1.0]]}, {"file_path": "images/00000006.png", "transform_matrix": [[-0.03597074204751643, 0.33165614819995204, -0.9427143284928226, -5.135524071773565], [-0.9950474704006339, -0.09935517423653459, 0.0030134701602917012, 0.525770950585282], [-0.09266411045660435, 0.9381539046350194, 0.33358749065272875, 1.6384984217706329], [0.0, 0.0, 0.0, 1.0]]}, {"file_path": "images/00000007.png", "transform_matrix": [[-0.03506988547915664, 0.33176756313346406, -0.942709068192787, -5.1368827173532825], [-0.9951213053810073, -0.09863194226508214, 0.002308146983402996, 0.5224344270210299], [-0.09221545808672296, 0.9381908249848969, 0.3336079814282719, 1.639336921024235], [0.0, 0.0, 0.0, 1.0]]}, {"file_path": "images/00000008.png", "transform_matrix": [[-0.033985388931764615, 0.3320771124031767, -0.9426397959056658, -5.136947917090824], [-0.9951807639841288, -0.09804822554711551, 0.00133882923016106, 0.5169239962269483], [-0.09197956477389299, 0.9381424928833446, 0.3338089615023249, 1.6403699749431289], [0.0, 0.0, 0.0, 1.0]]}, {"file_path": "images/00000009.png", "transform_matrix": [[-0.0329310543257777, 0.33203284938662336, -0.9426928092741257, -5.1365223197641], [-0.9952373595569913, -0.09748031205165913, 0.0004323251305172413, 0.5099619878293588], [-0.09175044307195009, 0.9382173392977036, 0.33366162576159436, 1.6401318369780649], [0.0, 0.0, 0.0, 1.0]]}, {"file_path": "images/00000010.png", "transform_matrix": [[-0.03179120493827183, 0.3322967360873782, -0.9426389545007137, -5.138467663337486], [-0.9952954552106379, -0.09688453416990926, -0.0005864097614826677, 0.50207207716559], [-0.09152199804696262, 0.9381856246461634, 0.33381350729024095, 1.6421221990206112], [0.0, 0.0, 0.0, 1.0]]}, {"file_path": "images/00000011.png", "transform_matrix": [[-0.03086702025781415, 0.33236435372777146, -0.9426458314231676, -5.141647455447121], [-0.9953676762193251, -0.09613269321150364, -0.0013017043918412388, 0.4937876541647336], [-0.09105172265824535, 0.93823901098568, 0.33379206421694746, 1.6437218411940906], [0.0, 0.0, 0.0, 1.0]]}, {"file_path": "images/00000012.png", "transform_matrix": [[-0.029605411492195633, 0.3322442114217784, -0.9427286479443852, -5.146975215402284], [-0.9954161262987453, -0.09560756897698311, -0.00243480171507711, 0.48159293082353627], [-0.09094094301071531, 0.9383352155809777, 0.33355174733998005, 1.6456288884188106], [0.0, 0.0, 0.0, 1.0]]}, {"file_path": "images/00000013.png", "transform_matrix": [[-0.02843813871499024, 0.33263149092302075, -0.9426280091216818, -5.151469661125291], [-0.9954722902149447, -0.09498822080306181, -0.003486735372998684, 0.46767133430268626], [-0.09069835545117572, 0.9382609067969158, 0.3338267202662387, 1.6498642594546784], [0.0, 0.0, 0.0, 1.0]]}, {"file_path": "images/00000014.png", "transform_matrix": [[-0.02726354855933285, 0.33277925190592567, -0.9426105603529145, -5.155100826962643], [-0.9955232232826884, -0.0944083521740483, -0.004535961343183962, 0.4518936753324856], [-0.09049978356723419, 0.9382670369404928, 0.33386338019289263, 1.6527619189535945], [0.0, 0.0, 0.0, 1.0]]}, {"file_path": "images/00000015.png", "transform_matrix": [[-0.02610999776763142, 0.333015880696738, -0.9425596486633087, -5.158311670052477], [-0.9955857220607882, -0.09369393761210967, -0.0055241365041787845, 0.4363413717773015], [-0.0901517501005803, 0.9382546932080321, 0.33399220454306394, 1.6562055570090075], [0.0, 0.0, 0.0, 1.0]]}, {"file_path": "images/00000016.png", "transform_matrix": [[-0.024979401448186934, 0.33345065508896504, -0.9424365709117938, -5.160836922787195], [-0.9956509223084786, -0.09293593569019326, -0.0064925160256439005, 0.4207203218792735], [-0.0897511582682715, 0.9381756618813556, 0.3343219363302627, 1.660109114384554], [0.0, 0.0, 0.0, 1.0]]}, {"file_path": "images/00000017.png", "transform_matrix": [[-0.023675812941792232, 0.3335069260114913, -0.9424503096990634, -5.164222975913833], [-0.9957117278711954, -0.09219659775656346, -0.007611986767738196, 0.4048792548942739], [-0.08942936241662189, 0.9382286063283712, 0.3342595869582669, 1.6630130034207282], [0.0, 0.0, 0.0, 1.0]]}, {"file_path": "images/00000018.png", "transform_matrix": [[-0.022190852921615656, 0.3338721406374734, -0.9423571296598291, -5.166136840729579], [-0.9957597525757612, -0.09155180123171744, -0.008987927579040118, 0.3894813223170969], [-0.08927531124461728, 0.9381618524891011, 0.33448805270895227, 1.6673882957034667], [0.0, 0.0, 0.0, 1.0]]}, {"file_path": "images/00000019.png", "transform_matrix": [[-0.020766926368145974, 0.3340348526094709, -0.9423319224558502, -5.165389020687075], [-0.9958372818995626, -0.09058051106788999, -0.010162627330113387, 0.3762382720524732], [-0.08875157885397779, 0.9381982137721536, 0.33452543848607214, 1.6710001286336595], [0.0, 0.0, 0.0, 1.0]]}, {"file_path": "images/00000020.png", "transform_matrix": [[-0.019189971514029146, 0.33448880037037615, -0.9422043236411234, -5.163192188792305], [-0.9958777454570099, -0.08995424063920647, -0.011651210030150391, 0.3623727905539422], [-0.08865247372596291, 0.938096731198988, 0.33483617170890223, 1.674333730988521], [0.0, 0.0, 0.0, 1.0]]}, {"file_path": "images/00000021.png", "transform_matrix": [[-0.01746556120624995, 0.33495395002180856, -0.9420726116412086, -5.165482592478362], [-0.9959483422945715, -0.08895835376102794, -0.013164755125060266, 0.3506105812258444], [-0.08821481538516315, 0.9380257260487792, 0.33515053884165913, 1.6781811586274904], [0.0, 0.0, 0.0, 1.0]]}, {"file_path": "images/00000022.png", "transform_matrix": [[-0.015352523704963919, 0.3350131135230116, -0.9420883790024452, -5.167219418461921], [-0.996026852335523, -0.08778360418779822, -0.014984934536726224, 0.3395721383801298], [-0.08772006294736247, 0.9381152661969906, 0.33502975681764846, 1.6806256685197671], [0.0, 0.0, 0.0, 1.0]]}, {"file_path": "images/00000023.png", "transform_matrix": [[-0.013244179005729818, 0.3353862275506273, -0.9419876167762353, -5.167194084162268], [-0.9961163066275965, -0.08643548067901102, -0.01676935750303667, 0.32928867137119266], [-0.0870453640011214, 0.938107129339496, 0.33522845726005224, 1.6818536456919972], [0.0, 0.0, 0.0, 1.0]]}, {"file_path": "images/00000024.png", "transform_matrix": [[-0.0105180985469163, 0.3357348035138962, -0.9418978242784044, -5.169857674012787], [-0.9961793381989151, -0.08518545090722897, -0.0192396751527527, 0.3183908518038021], [-0.08669541942677465, 0.9380967864413937, 0.33534806334222134, 1.682749977330651], [0.0, 0.0, 0.0, 1.0]]}, {"file_path": "images/00000025.png", "transform_matrix": [[-0.0076524901677444065, 0.3362348701967306, -0.9417470740734843, -5.170289518282068], [-0.9962617452159607, -0.08360220988378864, -0.021753287624517566, 0.31041005347991524], [-0.08604635038491738, 0.9380601167488137, 0.3356177036737939, 1.6841065228386176], [0.0, 0.0, 0.0, 1.0]]}, {"file_path": "images/00000026.png", "transform_matrix": [[-0.004115713283828923, 0.3364170991458874, -0.9417040917264723, -5.164270660204308], [-0.9963187415351623, -0.08201642149253037, -0.024945377768838088, 0.3038615966330313], [-0.08562725133437002, 0.9381347675447808, 0.3355162169273691, 1.6822580289403162], [0.0, 0.0, 0.0, 1.0]]}, {"file_path": "images/00000027.png", "transform_matrix": [[-0.0004896259269026713, 0.3368823629896866, -0.9415466179860057, -5.158106887325332], [-0.9964333150626935, -0.07961444907793125, -0.027967626496854508, 0.2988378858626445], [-0.08438251537361897, 0.9381747241708192, 0.33571979103839156, 1.6819858643664691], [0.0, 0.0, 0.0, 1.0]]}, {"file_path": "images/00000028.png", "transform_matrix": [[0.004965892871235366, 0.3367228396326804, -0.9415907121704444, -5.152876739093358], [-0.9965348082038331, -0.07651432603500438, -0.03261800040219923, 0.2907119527669962], [-0.0830284044611101, 0.938489897254958, 0.33517606846499853, 1.6793321439160773], [0.0, 0.0, 0.0, 1.0]]}, {"file_path": "images/00000029.png", "transform_matrix": [[0.010344971337142968, 0.33717516479924575, -0.9413850911707621, -5.145160436696971], [-0.9966402434114294, -0.07301694370489914, -0.03710459736315593, 0.2805983557665702], [-0.08124781093737897, 0.9386061124045194, 0.3352869801280558, 1.678262837505485], [0.0, 0.0, 0.0, 1.0]]}, {"file_path": "images/00000030.png", "transform_matrix": [[0.016216290986197226, 0.33716921721908477, -0.941304388035278, -5.135714507473803], [-0.9967046319885174, -0.06938254304744455, -0.04202308048659407, 0.2669534034427626], [-0.07947898137640597, 0.9388839021671881, 0.3349329930587843, 1.6743328457004398], [0.0, 0.0, 0.0, 1.0]]}, {"file_path": "images/00000031.png", "transform_matrix": [[0.022127239744932466, 0.3375719743605815, -0.9410396099291031, -5.126492259352867], [-0.9967439148414401, -0.06555206940442591, -0.04695204387496475, 0.2530763942373634], [-0.07753678797352338, 0.9390144239529341, 0.3350223249094318, 1.6714419589388894], [0.0, 0.0, 0.0, 1.0]]}, {"file_path": "images/00000032.png", "transform_matrix": [[0.028168562083460122, 0.33756880426885966, -0.9408792879868234, -5.1177424061310814], [-0.9967447681308657, -0.06164573175506653, -0.051958357949503146, 0.2376426701536378], [-0.07554071296592123, 0.9392800999752178, 0.3347334679170548, 1.6672286075630576], [0.0, 0.0, 0.0, 1.0]]}, {"file_path": "images/00000033.png", "transform_matrix": [[0.03429127369563785, 0.33762139766390553, -0.9406571641441693, -5.107141457085959], [-0.9966992578738022, -0.05774656038871461, -0.05706070554912846, 0.21754164387985064], [-0.07358463089351396, 0.9395089816874223, 0.334526793386659, 1.663010283778478], [0.0, 0.0, 0.0, 1.0]]}, {"file_path": "images/00000034.png", "transform_matrix": [[0.0406299164896254, 0.3378342915100705, -0.9403282413252745, -5.100664668450248], [-0.9966085720123449, -0.05369713310996329, -0.06235360525234808, 0.19266604116552732], [-0.07155811679502692, 0.9396726075842935, 0.33450684080466303, 1.6613877168393099], [0.0, 0.0, 0.0, 1.0]]}, {"file_path": "images/00000035.png", "transform_matrix": [[0.046789706371073395, 0.33819961546795735, -0.9399104976235679, -5.094880403325665], [-0.9964786767139304, -0.04973657781313628, -0.0675019976191215, 0.16544148697215785], [-0.06957708124054442, 0.9397591675495267, 0.3346815454148911, 1.6625036605320676], [0.0, 0.0, 0.0, 1.0]]}, {"file_path": "images/00000036.png", "transform_matrix": [[0.05365995253560262, 0.3382582456123876, -0.9395222024183651, -5.0880466632939285], [-0.9962612870457992, -0.04565938886145954, -0.07333940375627489, 0.1349268554871654], [-0.06770566763305144, 0.9399449875139775, 0.3345435144885404, 1.663768743150847], [0.0, 0.0, 0.0, 1.0]]}, {"file_path": "images/00000037.png", "transform_matrix": [[0.060479705091888485, 0.3386732208795192, -0.9389582817138575, -5.081833218587422], [-0.9960115572712332, -0.04134446467778359, -0.07906714250129354, 0.10465050746259308], [-0.06559865132888423, 0.9399952578434795, 0.3348219411033797, 1.665976607855685], [0.0, 0.0, 0.0, 1.0]]}, {"file_path": "images/00000038.png", "transform_matrix": [[0.06691921522471156, 0.33895013541526137, -0.9384213469458341, -5.072657478483619], [-0.9957551017684603, -0.036882621238631785, -0.08432941096279008, 0.07722818820704772], [-0.06319490436697714, 0.9400811018317389, 0.335043170516137, 1.667402110742917], [0.0, 0.0, 0.0, 1.0]]}, {"file_path": "images/00000039.png", "transform_matrix": [[0.07374453456178244, 0.33902954785408407, -0.9378809675924074, -5.0643073610496625], [-0.9954116586954521, -0.03247258604057977, -0.09000644915607524, 0.04971903847789216], [-0.06097026617730279, 0.9402151333106298, 0.33507928883262283, 1.6686957754560283], [0.0, 0.0, 0.0, 1.0]]}, {"file_path": "images/00000040.png", "transform_matrix": [[0.08105483015190883, 0.33938000846794747, -0.9371506412681421, -5.052742417858233], [-0.9949770375899062, -0.0278644424136784, -0.09614711393728333, 0.020213573569738682], [-0.058743588418762226, 0.9402365568142422, 0.335416767795557, 1.6703954616257524], [0.0, 0.0, 0.0, 1.0]]}, {"file_path": "images/00000041.png", "transform_matrix": [[0.08785601373752698, 0.3393760659385923, -0.9365389510245393, -5.0422251224704695], [-0.9945435590833444, -0.023208979600178557, -0.10170768089201995, -0.008728121506562093], [-0.05625326602597294, 0.940364412981791, 0.3354852320556837, 1.6711171870820407], [0.0, 0.0, 0.0, 1.0]]}, {"file_path": "images/00000042.png", "transform_matrix": [[0.0953958621952856, 0.33925390148466866, -0.9358452969756258, -5.036578511854036], [-0.9939645510955446, -0.018694283945768733, -0.10809715497582557, -0.041498251291847046], [-0.05416733927591666, 0.9405090718030333, 0.3354229945614903, 1.6736947999561167], [0.0, 0.0, 0.0, 1.0]]}, {"file_path": "images/00000043.png", "transform_matrix": [[0.1027783361916864, 0.33982814373307163, -0.9348547728949946, -5.028945670769998], [-0.9933668812478348, -0.013653847166246744, -0.11417447918949086, -0.07352593705119842], [-0.05156406551639974, 0.9403884331770044, 0.33617070360599927, 1.6779039161618865], [0.0, 0.0, 0.0, 1.0]]}, {"file_path": "images/00000044.png", "transform_matrix": [[0.11024555984492938, 0.339789197545428, -0.9340177823970276, -5.017425900229053], [-0.9926939473232171, -0.008721015685756459, -0.12034396883075979, -0.10433704768216148], [-0.04903716432949608, 0.9404611874954932, 0.3363452265124662, 1.6777094566122817], [0.0, 0.0, 0.0, 1.0]]}, {"file_path": "images/00000045.png", "transform_matrix": [[0.11801577955767777, 0.33979887087522964, -0.9330643081777704, -5.006039837938805], [-0.9919176996226475, -0.0037555167946433233, -0.12682733644447783, -0.1353515149270634], [-0.04659992439979049, 0.9404906291474124, 0.33660930409076845, 1.6787014519244325], [0.0, 0.0, 0.0, 1.0]]}, {"file_path": "images/00000046.png", "transform_matrix": [[0.12624427037703714, 0.33991974315971024, -0.9319425693008956, -4.99308586721018], [-0.9910046406000103, 0.0011584423676340473, -0.13382249557232767, -0.16611130628080994], [-0.04440930656745732, 0.9404537342634495, 0.33700828961431173, 1.6808413007156096], [0.0, 0.0, 0.0, 1.0]]}, {"file_path": "images/00000047.png", "transform_matrix": [[0.13466178728363967, 0.3396755934373478, -0.9308526705856894, -4.97769532046862], [-0.989999703215715, 0.00627088556157897, -0.14092999548623614, -0.19612400857331524], [-0.042033209277977095, 0.9405217526914423, 0.337123185350169, 1.6794444258879482], [0.0, 0.0, 0.0, 1.0]]}, {"file_path": "images/00000048.png", "transform_matrix": [[0.14286407677983687, 0.33918921037736116, -0.9298067192687822, -4.9647509132811045], [-0.988963818798921, 0.011668075910655013, -0.14769705857558044, -0.2257000286690089], [-0.03924819329064477, 0.9406458077494512, 0.3371128056829581, 1.67804761468999], [0.0, 0.0, 0.0, 1.0]]}, {"file_path": "images/00000049.png", "transform_matrix": [[0.1514877616772036, 0.3388399545589606, -0.9285682222241193, -4.950405673321458], [-0.9877759811706694, 0.01697351548000853, -0.1549532535807224, -0.25751665319087674], [-0.03674328630789001, 0.9406909083408794, 0.3372692484421618, 1.6782488081613545], [0.0, 0.0, 0.0, 1.0]]}, {"file_path": "images/00000050.png", "transform_matrix": [[0.16034193490524068, 0.3382678649448132, -0.9272892297036937, -4.934632222806543], [-0.9864819721665615, 0.022728889190124175, -0.162285908775947, -0.2901620447710318], [-0.03381985372313745, 0.9407753447079046, 0.3373395446023222, 1.6773039259273064], [0.0, 0.0, 0.0, 1.0]]}, {"file_path": "images/00000051.png", "transform_matrix": [[0.16959754306378985, 0.33811477999125855, -0.9256970719442388, -4.923375767554099], [-0.9850229466119089, 0.028526997059792496, -0.17004706727087018, -0.32346455004394853], [-0.031088069088837232, 0.9406724222908751, 0.33788892549235505, 1.6794145237491072], [0.0, 0.0, 0.0, 1.0]]}, {"file_path": "images/00000052.png", "transform_matrix": [[0.17883948623244508, 0.3379939638427883, -0.9240002806481737, -4.910873925806862], [-0.9834725782915206, 0.03444527688276962, -0.17775041673587907, -0.3540996679101516], [-0.028251122420584092, 0.9405177315577978, 0.3385679706882865, 1.6813932008842307], [0.0, 0.0, 0.0, 1.0]]}, {"file_path": "images/00000053.png", "transform_matrix": [[0.18815388769329777, 0.3372524397137709, -0.9224201355786615, -4.901058154725729], [-0.9818143500491779, 0.04042052949332966, -0.18549060039169157, -0.382889254851559], [-0.02527244723067173, 0.9405461034797007, 0.3387245646668667, 1.682555814350785], [0.0, 0.0, 0.0, 1.0]]}, {"file_path": "images/00000054.png", "transform_matrix": [[0.19768524845828597, 0.3368654634869739, -0.9205662399412876, -4.889607675794268], [-0.9800114362716498, 0.04653488306459476, -0.19342205002435275, -0.4127828908731737], [-0.022318766201172686, 0.9404021290044305, 0.3393312666227856, 1.6856199173299677], [0.0, 0.0, 0.0, 1.0]]}, {"file_path": "images/00000055.png", "transform_matrix": [[0.2072450056605107, 0.3362992459305252, -0.9186687786592529, -4.881020790374309], [-0.9780968354816101, 0.05261382407202354, -0.20139107710635804, -0.44368496042970806], [-0.01939298986716571, 0.9402843201772562, 0.33983718048712575, 1.6902528923403575], [0.0, 0.0, 0.0, 1.0]]}, {"file_path": "images/00000056.png", "transform_matrix": [[0.21671470864646952, 0.3357859772436282, -0.9166692492992038, -4.874278194473713], [-0.9760980636728251, 0.058805166203059235, -0.20922361846281243, -0.4729643575515183], [-0.01634946962971006, 0.9401009147865051, 0.34050398665659565, 1.6970028114686206], [0.0, 0.0, 0.0, 1.0]]}, {"file_path": "images/00000057.png", "transform_matrix": [[0.22687115972029853, 0.33488117557570385, -0.914540362805355, -4.8666113546947], [-0.9738310209702736, 0.06497203642047776, -0.2177883768249613, -0.501519259523809], [-0.013513677897680728, 0.9400176768531449, 0.34085795836671606, 1.7033079434142353], [0.0, 0.0, 0.0, 1.0]]}, {"file_path": "images/00000058.png", "transform_matrix": [[0.23673074765107727, 0.334561860317705, -0.9121550936136178, -4.858392323817215], [-0.9715234683981815, 0.07181684874115035, -0.22579745478888594, -0.5232640324457861], [-0.01003511214265338, 0.9396332805544544, 0.3420359552260413, 1.7127988184981102], [0.0, 0.0, 0.0, 1.0]]}, {"file_path": "images/00000059.png", "transform_matrix": [[0.24681118773999053, 0.3338893348507963, -0.9097264147793103, -4.847691943466697], [-0.9690376126993399, 0.07816267532995498, -0.23421507500566385, -0.5434111743847003], [-0.007095265208191152, 0.9393660140360323, 0.34284274668470743, 1.7192914816383076], [0.0, 0.0, 0.0, 1.0]]}, {"file_path": "images/00000060.png", "transform_matrix": [[0.25676358363841567, 0.3318464234541601, -0.9077171439527789, -4.835702536451745], [-0.9664692043988473, 0.08512861175581685, -0.24226100885174962, -0.5623758728385597], [-0.0031207489981946103, 0.9394844707438703, 0.3425772762829317, 1.7208557482932607], [0.0, 0.0, 0.0, 1.0]]}, {"file_path": "images/00000061.png", "transform_matrix": [[0.2674478418298453, 0.33053776394547374, -0.9051057609884238, -4.82362166217474], [-0.963572286191967, 0.0920537139656574, -0.2511066765910376, -0.586065517558787], [0.0003181074385164114, 0.9392927660844745, 0.3431165960102575, 1.7252917773585368], [0.0, 0.0, 0.0, 1.0]]}, {"file_path": "images/00000062.png", "transform_matrix": [[0.27755126433807864, 0.3292485676215844, -0.9025301526549784, -4.8119445510607015], [-0.96070122869604, 0.0993192724687412, -0.2592080849411921, -0.6082725310068577], [0.004294747459973118, 0.9390053582929427, 0.3438756931073043, 1.7297569132496], [0.0, 0.0, 0.0, 1.0]]}, {"file_path": "images/00000063.png", "transform_matrix": [[0.28821905050643243, 0.3274842107607033, -0.8998243554691993, -4.794682954387202], [-0.9575295694160253, 0.10659327659295086, -0.2679085610424221, -0.6313732895581625], [0.008179402738589, 0.9388247787286668, 0.3442980282902326, 1.7304216937748405], [0.0, 0.0, 0.0, 1.0]]}, {"file_path": "images/00000064.png", "transform_matrix": [[0.29891736957708415, 0.32589971322975075, -0.8969045563212582, -4.78017114074756], [-0.9541981078516414, 0.11431317631144333, -0.2764750778906071, -0.6543887591236927], [0.012424860081567256, 0.9384678336019411, 0.3451430836842385, 1.734218823509171], [0.0, 0.0, 0.0, 1.0]]}, {"file_path": "images/00000065.png", "transform_matrix": [[0.3093657650450424, 0.3241697489742669, -0.8939836672646801, -4.765967280550668], [-0.9508007831091935, 0.12171002719304162, -0.2848939102899447, -0.678266202518101], [0.01645278906993092, 0.93813679343561, 0.3458737668612714, 1.7395851996385558], [0.0, 0.0, 0.0, 1.0]]}, {"file_path": "images/00000066.png", "transform_matrix": [[0.3207221550683088, 0.32188344145113096, -0.8908020820787669, -4.75110356118285], [-0.9469465653577018, 0.1295448633863017, -0.2941263856374626, -0.7042718358282309], [0.020724420796558254, 0.9378748203020782, 0.3463543270909493, 1.7434066243223028], [0.0, 0.0, 0.0, 1.0]]}, {"file_path": "images/00000067.png", "transform_matrix": [[0.3319895292893901, 0.3199501077795349, -0.8873640070692652, -4.736379566760434], [-0.9429465355813855, 0.13769303822061674, -0.3031376886190836, -0.7296987191792242], [0.025194909995273344, 0.937375354820104, 0.3474084926348912, 1.7488125627024798], [0.0, 0.0, 0.0, 1.0]]}, {"file_path": "images/00000068.png", "transform_matrix": [[0.3431077797324258, 0.31734853104063326, -0.8840627587458868, -4.7196643744248075], [-0.9388138075058137, 0.14601767309813435, -0.3119414592197145, -0.7547695411402077], [0.030094623050743934, 0.9369998660916897, 0.3480309823510293, 1.751594691767644], [0.0, 0.0, 0.0, 1.0]]}, {"file_path": "images/00000069.png", "transform_matrix": [[0.3543239288671586, 0.3147389451953522, -0.8805645631510548, -4.703867386508446], [-0.9344683222870469, 0.1543962039541328, -0.3208282513234566, -0.7815161396277346], [0.03497868047663825, 0.9365368164937007, 0.3488198436622985, 1.7545089135836043], [0.0, 0.0, 0.0, 1.0]]}, {"file_path": "images/00000070.png", "transform_matrix": [[0.3662853459782616, 0.3119376779991465, -0.8766583886748797, -4.685151278182187], [-0.9296485108715041, 0.16303585996115344, -0.33041330875405606, -0.8102975801522637], [0.03985839397701299, 0.9360097186874167, 0.34971004420935525, 1.7577342744928615], [0.0, 0.0, 0.0, 1.0]]}, {"file_path": "images/00000071.png", "transform_matrix": [[0.37804726464925786, 0.30914364000648475, -0.8726456758631793, -4.66291072913349], [-0.9247017532357485, 0.17170412820064132, -0.3397710404408708, -0.8395162023500159], [0.044798808791465645, 0.9353864988699815, 0.3507779419109149, 1.7616564458985187], [0.0, 0.0, 0.0, 1.0]]}, {"file_path": "images/00000072.png", "transform_matrix": [[0.3903064313426938, 0.3058741547829316, -0.8683904025012645, -4.63987157261977], [-0.9193268870106165, 0.18069023498959016, -0.3495555947191473, -0.8688808606222671], [0.04998964380629447, 0.9347684421720885, 0.3517228953308551, 1.7670105555554565], [0.0, 0.0, 0.0, 1.0]]}, {"file_path": "images/00000073.png", "transform_matrix": [[0.402755874423754, 0.30269177177960493, -0.8638086576216002, -4.6158407254934115], [-0.9136451563730225, 0.18980016885976192, -0.359483551970882, -0.8966035290435463], [0.05513831580741225, 0.9339987083840487, 0.35299600413529336, 1.7742359624997044], [0.0, 0.0, 0.0, 1.0]]}, {"file_path": "images/00000074.png", "transform_matrix": [[0.4147393725582405, 0.29879435617739075, -0.8594842556059337, -4.593509107309618], [-0.9078864317091753, 0.1993055994674069, -0.3688082227120204, -0.9243581595797975], [0.06110220933817302, 0.9332733848141923, 0.3539312211151875, 1.7804059361005349], [0.0, 0.0, 0.0, 1.0]]}, {"file_path": "images/00000075.png", "transform_matrix": [[0.42739015532576835, 0.2950818539448267, -0.8545550623985854, -4.571959319592706], [-0.9016115178485495, 0.2087414632772808, -0.37884518261735234, -0.9574509250690846], [0.06659073533129416, 0.9323913883376009, 0.35526324463776393, 1.789394476243964], [0.0, 0.0, 0.0, 1.0]]}, {"file_path": "images/00000076.png", "transform_matrix": [[0.4400264643558667, 0.29089028868264266, -0.8495643299271424, -4.547865048016073], [-0.8950716422313381, 0.21822267815666382, -0.38887738171833774, -0.9894754015659827], [0.0722735495128754, 0.9315372793145416, 0.35639140191186547, 1.7963468398334814], [0.0, 0.0, 0.0, 1.0]]}, {"file_path": "images/00000077.png", "transform_matrix": [[0.45335108936951135, 0.28742450220397825, -0.8437179299791036, -4.521580962548691], [-0.8879738213383614, 0.2277309999756221, -0.3995511034505257, -1.0203869335856994], [0.07729995087718598, 0.9303363624233236, 0.3584675304904986, 1.807423322442338], [0.0, 0.0, 0.0, 1.0]]}, {"file_path": "images/00000078.png", "transform_matrix": [[0.46590862799714367, 0.282280654938078, -0.8385981053362207, -4.496739711728615], [-0.8809260267565227, 0.23694134785657806, -0.4096683207908027, -1.0456442737641034], [0.08305712348812683, 0.9296109022529225, 0.3590613940804816, 1.8148534751566539], [0.0, 0.0, 0.0, 1.0]]}, {"file_path": "images/00000079.png", "transform_matrix": [[0.4788451078510134, 0.27726503407968806, -0.8329654636489382, -4.47150334848292], [-0.8733510173494294, 0.24690751097792818, -0.4198746021350689, -1.0737432238718314], [0.08924888348996043, 0.9285261342380093, 0.3603801533123703, 1.8246214228542448], [0.0, 0.0, 0.0, 1.0]]}, {"file_path": "images/00000080.png", "transform_matrix": [[0.4920198180257851, 0.27233094840201133, -0.8268931933933696, -4.451389043092092], [-0.8654111336372022, 0.2563836870606041, -0.43050084179553477, -1.1084816717517185], [0.09476322319346753, 0.9274175217316303, 0.3618240898334166, 1.8355507141115361], [0.0, 0.0, 0.0, 1.0]]}, {"file_path": "images/00000081.png", "transform_matrix": [[0.5048460462354817, 0.2675043908121044, -0.8207142441584633, -4.429782609519677], [-0.8573759796105902, 0.2657387944412883, -0.4407826252432745, -1.1443525416686449], [0.10018432617720133, 0.9261880446690921, 0.36350901882772907, 1.8457294065830934], [0.0, 0.0, 0.0, 1.0]]}, {"file_path": "images/00000082.png", "transform_matrix": [[0.5176972028218872, 0.262385161128002, -0.8143363147239452, -4.402550561874493], [-0.8490254120465811, 0.2750031087303656, -0.45114203959335164, -1.1828590787522435], [0.10557204135079784, 0.9249471971258327, 0.36514000969864313, 1.853856329779227], [0.0, 0.0, 0.0, 1.0]]}, {"file_path": "images/00000083.png", "transform_matrix": [[0.5298636076496439, 0.2571409929276163, -0.8081602979067048, -4.379136748941418], [-0.8407830209394124, 0.28403325770428495, -0.46087853087182107, -1.2222974440179046], [0.11103363911430632, 0.9236902177333074, 0.3666986674607139, 1.8636518854692408], [0.0, 0.0, 0.0, 1.0]]}, {"file_path": "images/00000084.png", "transform_matrix": [[0.5421993621960116, 0.2510248786933481, -0.8018767748096824, -4.35677658866597], [-0.832123043646145, 0.2928246470625576, -0.4709829787863311, -1.2642201631704812], [0.11658083845483729, 0.9226268131869155, 0.3676529229618034, 1.8739908797042775], [0.0, 0.0, 0.0, 1.0]]}, {"file_path": "images/00000085.png", "transform_matrix": [[0.5544904725868219, 0.24601284939689935, -0.7949955935789903, -4.33232387875601], [-0.823220627675572, 0.3020321794489441, -0.4807123471967818, -1.3071615369932885], [0.12185283750681816, 0.921007188120876, 0.3699968182158436, 1.8879054873954746], [0.0, 0.0, 0.0, 1.0]]}, {"file_path": "images/00000086.png", "transform_matrix": [[0.5666058956667956, 0.24035272704048985, -0.788155013730026, -4.3103414187313875], [-0.8141463898059412, 0.3107013654201675, -0.4905408418191872, -1.3560843959541546], [0.1269780098726915, 0.9196168920758596, 0.37172753043881723, 1.8994736695775745], [0.0, 0.0, 0.0, 1.0]]}, {"file_path": "images/00000087.png", "transform_matrix": [[0.5784957585643155, 0.23447783450538326, -0.7812571935775781, -4.290195814469823], [-0.8049323999441224, 0.31911062826973324, -0.5002521748540159, -1.4097813929275196], [0.13200942721641232, 0.9182529891656341, 0.3733429510289529, 1.9138436748366336], [0.0, 0.0, 0.0, 1.0]]}, {"file_path": "images/00000088.png", "transform_matrix": [[0.5901386055407396, 0.22863283888305122, -0.7742502510833675, -4.270600067339791], [-0.7956274349858067, 0.3272261037661327, -0.509803944387078, -1.4623872808115446], [0.1367969699229663, 0.9168697301463378, 0.3750153157271196, 1.9301966467349356], [0.0, 0.0, 0.0, 1.0]]}, {"file_path": "images/00000089.png", "transform_matrix": [[0.6010638745319283, 0.2227572880193277, -0.767529419263451, -4.249594122617458], [-0.7865030979812193, 0.33538366996946634, -0.5185852589347653, -1.5074243508917557], [0.14189818755500105, 0.9153671310529061, 0.37678630525168016, 1.945934139476704], [0.0, 0.0, 0.0, 1.0]]}, {"file_path": "images/00000090.png", "transform_matrix": [[0.6123491725787479, 0.21673911714243402, -0.7602977351080239, -4.226793111535967], [-0.7768554193979741, 0.3434217635858391, -0.5277851358728006, -1.5547344292237222], [0.14671110465114706, 0.9138302071257476, 0.3786689905249546, 1.9618020479861578], [0.0, 0.0, 0.0, 1.0]]}, {"file_path": "images/00000091.png", "transform_matrix": [[0.6235807887012138, 0.210563798269353, -0.7528677751697869, -4.203139766959034], [-0.7669743559787714, 0.3511911069779887, -0.5370429625748809, -1.6031761258123611], [0.15131866133634092, 0.912319951166901, 0.38049306104426667, 1.978073726952087], [0.0, 0.0, 0.0, 1.0]]}, {"file_path": "images/00000092.png", "transform_matrix": [[0.6341380556874766, 0.204129422386777, -0.7457882442844601, -4.178222061305796], [-0.757357878698316, 0.3583415826433371, -0.5458940865432933, -1.6474025063500142], [0.1558138952032503, 0.9110008173012776, 0.38183706080818014, 1.9911927502565472], [0.0, 0.0, 0.0, 1.0]]}, {"file_path": "images/00000093.png", "transform_matrix": [[0.6449286162227437, 0.19762366388095742, -0.7382492583939606, -4.149273199513134], [-0.747267750055899, 0.36553202559919595, -0.55495697850232, -1.691866348448923], [0.16018111542991553, 0.9095774985091499, 0.38341985412091145, 2.0039079951640932], [0.0, 0.0, 0.0, 1.0]]}, {"file_path": "images/00000094.png", "transform_matrix": [[0.6550219766610234, 0.19114935423244886, -0.7310322390534862, -4.12191191878168], [-0.7373469698424824, 0.3731198635506322, -0.5631172289042028, -1.7358480678388446], [0.1651231546245465, 0.9078785666919648, 0.385345107685069, 2.016675521468263], [0.0, 0.0, 0.0, 1.0]]}, {"file_path": "images/00000095.png", "transform_matrix": [[0.6651462271990674, 0.183904686077403, -0.723712348208574, -4.0981005872052565], [-0.7271242781403991, 0.3800586318122434, -0.5717042246865862, -1.7817761608191478], [0.16991403891566587, 0.9064957268965055, 0.3865161271750207, 2.026528543458947], [0.0, 0.0, 0.0, 1.0]]}, {"file_path": "images/00000096.png", "transform_matrix": [[0.6751514616679922, 0.17697745405788934, -0.7161351022193445, -4.070898777531934], [-0.7167978419756659, 0.3867378185425319, -0.5802023038981092, -1.8265196680060964], [0.17427380063163445, 0.9050485293737959, 0.3879636606183233, 2.035326031104615], [0.0, 0.0, 0.0, 1.0]]}, {"file_path": "images/00000097.png", "transform_matrix": [[0.6846840286296958, 0.1701996988828655, -0.7086888199397121, -4.0429481059463575], [-0.7064680689123084, 0.3940453446391245, -0.5879040176561388, -1.8660107928473566], [0.17919444351793798, 0.903194513338942, 0.39003720662952635, 2.045657980410442], [0.0, 0.0, 0.0, 1.0]]}, {"file_path": "images/00000098.png", "transform_matrix": [[0.6942100488647849, 0.16308921216078937, -0.7010522926286425, -4.0162218215063765], [-0.6959446112635068, 0.40062668369354887, -0.5959524799568142, -1.905516416526233], [0.18366683465014824, 0.9016097655007429, 0.3916201280219466, 2.0554775180654787], [0.0, 0.0, 0.0, 1.0]]}, {"file_path": "images/00000099.png", "transform_matrix": [[0.7036769360950823, 0.15571715184003737, -0.6932466648305017, -3.9893958861297985], [-0.6851095283874177, 0.40730126596904254, -0.6039293111395301, -1.9421144919741042], [0.1883180919709178, 0.8999210228788556, 0.3932918113637032, 2.066463503710855], [0.0, 0.0, 0.0, 1.0]]}, {"file_path": "images/00000100.png", "transform_matrix": [[0.713309586311336, 0.14894866975767582, -0.6848384684885328, -3.956136244179452], [-0.6739560772330436, 0.41386899928733356, -0.6119605031292711, -1.9732338488591805], [0.1922827087414777, 0.8980683410868369, 0.3956015858476971, 2.078906897496256], [0.0, 0.0, 0.0, 1.0]]}, {"file_path": "images/00000101.png", "transform_matrix": [[0.7223588031785445, 0.1417135008984418, -0.6768419632392172, -3.925760077378968], [-0.6629449006111788, 0.4203657400078088, -0.619513279423455, -2.0011362385263762], [0.1967277770652207, 0.8962197991266428, 0.3976031356176828, 2.0894264082041603], [0.0, 0.0, 0.0, 1.0]]}, {"file_path": "images/00000102.png", "transform_matrix": [[0.7315433609639435, 0.13401593107460058, -0.668493860342588, -3.8965763115375545], [-0.6514836610095889, 0.4265046498478941, -0.6274255518357139, -2.0341359147879725], [0.2010307203216256, 0.8945018244429797, 0.39931583442656693, 2.1009875688910795], [0.0, 0.0, 0.0, 1.0]]}, {"file_path": "images/00000103.png", "transform_matrix": [[0.7405614930693839, 0.12684501973571632, -0.6599083391040308, -3.867006966365528], [-0.6398984279749721, 0.43295648314307933, -0.6348847813424242, -2.065532286110007], [0.20517962107598756, 0.8924455303982214, 0.4017988283158469, 2.116415357083298], [0.0, 0.0, 0.0, 1.0]]}, {"file_path": "images/00000104.png", "transform_matrix": [[0.7488301552765834, 0.11937349579150276, -0.6519228229774702, -3.8398714435220738], [-0.6287191118533392, 0.43914660116336035, -0.6417651759621261, -2.088439045439964], [0.20967993939953278, 0.8904494546261418, 0.40389861579120423, 2.128231408083353], [0.0, 0.0, 0.0, 1.0]]}, {"file_path": "images/00000105.png", "transform_matrix": [[0.7568554502024349, 0.11182693256580546, -0.6439445354374412, -3.8197973155857325], [-0.6172475615577063, 0.44622876111089177, -0.6479856020847887, -2.1078011821343177], [0.2148843300444312, 0.8879046288677517, 0.4067555713265795, 2.14025037323117], [0.0, 0.0, 0.0, 1.0]]}, {"file_path": "images/00000106.png", "transform_matrix": [[0.7649087846601066, 0.10389324319305668, -0.6357049199405149, -3.7973710743726903], [-0.6056934701190482, 0.45185741196680185, -0.654950608448066, -2.134868290694302], [0.21920303705595023, 0.8860197928509318, 0.40855716281871174, 2.149062222258712], [0.0, 0.0, 0.0, 1.0]]}, {"file_path": "images/00000107.png", "transform_matrix": [[0.7722232479790041, 0.09643802195807147, -0.6279896203517391, -3.7761533803761025], [-0.5946144497618225, 0.45792690582494344, -0.6608605034776407, -2.1586478838989853], [0.2238412639922558, 0.883743547018131, 0.41096524391582995, 2.1577725009817876], [0.0, 0.0, 0.0, 1.0]]}, {"file_path": "images/00000108.png", "transform_matrix": [[0.7794582911621103, 0.08876992473743965, -0.6201327864810102, -3.7512847031883876], [-0.583336180491265, 0.46375154808139174, -0.6668233665541852, -2.1813892899401464], [0.22839367968441632, 0.8815068928645302, 0.41325769803013923, 2.1649728184998067], [0.0, 0.0, 0.0, 1.0]]}, {"file_path": "images/00000109.png", "transform_matrix": [[0.7862571948250975, 0.08129817490801203, -0.6125277384823847, -3.7235410433913807], [-0.5722547329413575, 0.46973436204192165, -0.672215850559898, -2.202615592787373], [0.23307540467424898, 0.8790564463826048, 0.4158552871826417, 2.17050140835595], [0.0, 0.0, 0.0, 1.0]]}, {"file_path": "images/00000110.png", "transform_matrix": [[0.7926465034577793, 0.0734068100241018, -0.6052461985557545, -3.6967820370278077], [-0.5613312599588511, 0.4753091699578662, -0.6774868334865669, -2.226195737618685], [0.23794692097611264, 0.8767511809224184, 0.41795768878891043, 2.1757767366189746], [0.0, 0.0, 0.0, 1.0]]}, {"file_path": "images/00000111.png", "transform_matrix": [[0.7990087294816816, 0.06560257063299552, -0.597730167388565, -3.667147208067692], [-0.5501950022793417, 0.4808504271573568, -0.6826919701960065, -2.2517722569037257], [0.24263245811826936, 0.8743449945424415, 0.42029789537267437, 2.181734449785599], [0.0, 0.0, 0.0, 1.0]]}, {"file_path": "images/00000112.png", "transform_matrix": [[0.8052661266072673, 0.058047008945951904, -0.590065259237745, -3.6369902446001063], [-0.5389652843667065, 0.4864320911170232, -0.6876774265451194, -2.2791610391677533], [0.24710906021593285, 0.8717880278692289, 0.4229926085544694, 2.190202318950174], [0.0, 0.0, 0.0, 1.0]]}, {"file_path": "images/00000113.png", "transform_matrix": [[0.8107595878070113, 0.05003891897722864, -0.58323665645649, -3.6080973955438194], [-0.5283063485516866, 0.49165555802081434, -0.6922190508415008, -2.308187106431288], [0.25211365078875964, 0.8693508606464396, 0.42505033613431403, 2.1982114817578937], [0.0, 0.0, 0.0, 1.0]]}, {"file_path": "images/00000114.png", "transform_matrix": [[0.8162657771953823, 0.04235451020700729, -0.576121754937872, -3.5787140842868856], [-0.5174830768490978, 0.4968711306800122, -0.6966565471394348, -2.3403699922984407], [0.2567517209487396, 0.8667901562739754, 0.42749664191082615, 2.2095036907016334], [0.0, 0.0, 0.0, 1.0]]}, {"file_path": "images/00000115.png", "transform_matrix": [[0.8215370866981337, 0.03504824775010843, -0.5690768274821433, -3.5503946401737734], [-0.5067975409429162, 0.5021693672186285, -0.7007012053094656, -2.37046338234875], [0.2612146009130087, 0.8640587636313567, 0.4303131247479492, 2.2235968000634214], [0.0, 0.0, 0.0, 1.0]]}, {"file_path": "images/00000116.png", "transform_matrix": [[0.8264508740340905, 0.027282890630153104, -0.5623473986381562, -3.5237055977340788], [-0.49633649766295374, 0.506789228402844, -0.7048508771812693, -2.401702307184101], [0.26576123485747566, 0.8616381618200919, 0.43237789514608355, 2.2359389923627133], [0.0, 0.0, 0.0, 1.0]]}, {"file_path": "images/00000117.png", "transform_matrix": [[0.8313756636032986, 0.019682651713399123, -0.5553621334387626, -3.4937227423736807], [-0.4856168306759849, 0.5115938663742917, -0.7088356718260569, -2.433154991725588], [0.27016809543322834, 0.8590019261680649, 0.4348849170966633, 2.250154480972821], [0.0, 0.0, 0.0, 1.0]]}, {"file_path": "images/00000118.png", "transform_matrix": [[0.8358851978253167, 0.012297855206249935, -0.5487665249282314, -3.462940626531233], [-0.4753230090560493, 0.5162242076655856, -0.7124469134487307, -2.4596698865674163], [0.27452499554074306, 0.8563651850862484, 0.437349627488335, 2.2615722194410455],