{"frames": [{"file_path": "images/00000000.png", "transform_matrix": [[0.5250383857004993, 0.30639472162244, -0.7940132040280387, -4.009087012436809], [-0.8500288161360217, 0.14246201451424284, -0.5071051036615755, -2.387299582393198], [-0.04225760647296412, 0.9411837488232818, 0.3352423686152482, 1.3675979183907485], [0.0, 0.0, 0.0, 1.0]]}, {"file_path": "images/00000001.png", "transform_matrix": [[0.5264788926083439, 0.3060935871115445, -0.7931750699782678, -3.9160055797696445], [-0.8491536635873576, 0.1433077536767224, -0.5083315289778716, -2.3543925220708988], [-0.04192888359577039, 0.9411533369923817, 0.3353689983542742, 1.3835030205324454], [0.0, 0.0, 0.0, 1.0]]}, {"file_path": "images/00000002.png", "transform_matrix": [[0.5274711563237671, 0.30536019100244366, -0.7927984189347064, -3.964488563401923], [-0.848575268756748, 0.1441543319402877, -0.5090575034688539, -2.4408375654612775], [-0.0411605700456276, 0.9412622814074506, 0.33515835830513435, 1.3967941744126653], [0.0, 0.0, 0.0, 1.0]]}, {"file_path": "images/00000003.png", "transform_matrix": [[0.5288447906507338, 0.30628476011857997, -0.7915256364696198, -3.910734933876579], [-0.8477693342005101, 0.14653980440626072, -0.5097187868957541, -2.399490707978982], [-0.04012908442150061, 0.9405932869791158, 0.33715563934472, 1.4702855663557268], [0.0, 0.0, 0.0, 1.0]]}, {"file_path": "images/00000004.png", "transform_matrix": [[0.5302760175153379, 0.3053850946065978, -0.7909154754511657, -3.9828601008643], [-0.8468939844970808, 0.14708675387430029, -0.5110147413314606, -2.4652162254792738], [-0.03972309525381355, 0.9408004203301186, 0.3366253776511222, 1.4484196879915516], [0.0, 0.0, 0.0, 1.0]]}, {"file_path": "images/00000005.png", "transform_matrix": [[0.5308464063624087, 0.30445721454277674, -0.7908905723505123, -3.932287978996074], [-0.8465696437643867, 0.14754681178305407, -0.5114193744765405, -2.382214247021522], [-0.039011935796744245, 0.9410290871763679, 0.33606893046224073, 1.4719384477803574], [0.0, 0.0, 0.0, 1.0]]}, {"file_path": "images/00000006.png", "transform_matrix": [[0.531579660558944, 0.3029934890966099, -0.7909601823815477, -3.9709605973951834], [-0.8461418311034802, 0.14773485031929476, -0.5120726663850214, -2.4648155868023753], [-0.038302299706342614, 0.9414719112287292, 0.334908307262095, 1.430932993841361], [0.0, 0.0, 0.0, 1.0]]}, {"file_path": "images/00000007.png", "transform_matrix": [[0.5314831034410274, 0.30222495990445586, -0.7913190155906745, -4.046729270979299], [-0.8462609766761675, 0.14865515039964045, -0.5116092313626087, -2.527119586342256], [-0.03698743215858752, 0.9415740650298671, 0.33476889042155406, 1.4115082738950455], [0.0, 0.0, 0.0, 1.0]]}, {"file_path": "images/00000008.png", "transform_matrix": [[0.5321130359405024, 0.3012994019751017, -0.7912486255404034, -4.067312161224565], [-0.845898126198556, 0.1492041082058718, -0.512049308357059, -2.4403109266582965], [-0.036222604846869545, 0.9417838417229205, 0.3342620505477056, 1.4566812883309244], [0.0, 0.0, 0.0, 1.0]]}, {"file_path": "images/00000009.png", "transform_matrix": [[0.5317113307449309, 0.30145718245859887, -0.7914585446942419, -4.155122540032357], [-0.8461943385696956, 0.1502684966190641, -0.5112480027316703, -2.400913977479807], [-0.035188096793560386, 0.9415640956060236, 0.33499082342400066, 1.4295295338814926], [0.0, 0.0, 0.0, 1.0]]}, {"file_path": "images/00000010.png", "transform_matrix": [[0.5335643599291445, 0.30269372129588273, -0.7897376684503549, -4.207379965942493], [-0.8450477697341404, 0.15250108159671538, -0.5124818894164626, -2.3292775008147064], [-0.03468920158786789, 0.940808126700787, 0.337159796084267, 1.383297762893958], [0.0, 0.0, 0.0, 1.0]]}, {"file_path": "images/00000011.png", "transform_matrix": [[0.5352924052938559, 0.3024623820498125, -0.7886561661125975, -4.240425811035334], [-0.8439284927047892, 0.15248198447745248, -0.5143286338631364, -2.2351503210456425], [-0.03530920647544286, 0.9408856210618447, 0.3368790704181146, 1.3902292959818197], [0.0, 0.0, 0.0, 1.0]]}, {"file_path": "images/00000012.png", "transform_matrix": [[0.5324179670544135, 0.30072806321983303, -0.7912608548498041, -4.141174173804084], [-0.8459038641539133, 0.15449176491353728, -0.5104693401018888, -2.2472242755747507], [-0.03126917000920766, 0.941113662971835, 0.3366412221390934, 1.3920547081630366], [0.0, 0.0, 0.0, 1.0]]}, {"file_path": "images/00000013.png", "transform_matrix": [[0.5315145847807657, 0.29857579171952986, -0.792681993508328, -4.172637387181659], [-0.8465775289661982, 0.15602532689713683, -0.5088836653075113, -2.3355468797318926], [-0.02826187609971589, 0.9415458533879162, 0.33569729280406135, 1.357281387945149], [0.0, 0.0, 0.0, 1.0]]}, {"file_path": "images/00000014.png", "transform_matrix": [[0.5339387358066305, 0.2983396998498249, -0.7911402214315011, -4.13818565106403], [-0.8450214757340356, 0.15605844790451745, -0.5114532885675733, -2.428920231490107], [-0.02912270556701997, 0.9416151997485122, 0.3354291038232318, 1.3475605309842176], [0.0, 0.0, 0.0, 1.0]]}, {"file_path": "images/00000015.png", "transform_matrix": [[0.5335104917620004, 0.2978064140223913, -0.7916298977520642, -4.112783405358814], [-0.8453307490558641, 0.156792928657055, -0.5107170471253872, -2.524206759881136], [-0.027972842303485745, 0.9416619974048714, 0.33539559151181925, 1.3309712748098352], [0.0, 0.0, 0.0, 1.0]]}, {"file_path": "images/00000016.png", "transform_matrix": [[0.5329482678130713, 0.2980627614624388, -0.7919120747484426, -4.1320431996647295], [-0.8456867310378937, 0.15674034856892635, -0.5101435249786203, -2.4270195041668905], [-0.027930213165298416, 0.9415896417368563, 0.3356022196515244, 1.3445247854287607], [0.0, 0.0, 0.0, 1.0]]}, {"file_path": "images/00000017.png", "transform_matrix": [[0.5344838746538945, 0.2972170945105888, -0.7911946578014757, -4.115809283323462], [-0.844698860971309, 0.1563118005580788, -0.5119086395840023, -2.522702700224447], [-0.02847493695914465, 0.9419281394051524, 0.3346050780107058, 1.3204169868457085], [0.0, 0.0, 0.0, 1.0]]}, {"file_path": "images/00000018.png", "transform_matrix": [[0.5345703632728387, 0.29558961360536523, -0.7917457338735245, -4.123550141891153], [-0.844682169487494, 0.1565845401061612, -0.5118528248923919, -2.4332569579299084], [-0.027323237113156918, 0.9423948547157119, 0.3333847305856118, 1.3644571763794293], [0.0, 0.0, 0.0, 1.0]]}, {"file_path": "images/00000019.png", "transform_matrix": [[0.5358316671570046, 0.29799673869290794, -0.7899888405971854, -4.065462601606113], [-0.843962733254383, 0.1616364880337987, -0.5114690123698301, -2.4882840829414103], [-0.02472507584867161, 0.9407824347481352, 0.33810809094471306, 1.4244392835208433], [0.0, 0.0, 0.0, 1.0]]}, {"file_path": "images/00000020.png", "transform_matrix": [[0.5378041920425499, 0.29735876142238915, -0.7888880897153616, -4.014581555761455], [-0.8427078519883301, 0.1621915903667306, -0.5133589038988257, -2.5678473846768304], [-0.024700753936204713, 0.9408887580823674, 0.3378138803214485, 1.3915637578060833], [0.0, 0.0, 0.0, 1.0]]}, {"file_path": "images/00000021.png", "transform_matrix": [[0.5408077164525357, 0.2973326995575608, -0.7868419661324356, -4.070087724774598], [-0.8407764650641353, 0.16334883758182886, -0.5161512307992694, -2.4846976853803295], [-0.024938918305171445, 0.9406967753216625, 0.3383306479197884, 1.3938425093640898], [0.0, 0.0, 0.0, 1.0]]}, {"file_path": "images/00000022.png", "transform_matrix": [[0.5423396716856416, 0.29786712743545296, -0.7855844034712071, -4.116186839249254], [-0.8397963046932032, 0.16471211103043543, -0.517312368984366, -2.396269807706115], [-0.02469508384787556, 0.940289899413637, 0.33947762512876917, 1.386400594630925], [0.0, 0.0, 0.0, 1.0]]}, {"file_path": "images/00000023.png", "transform_matrix": [[0.5454639643129101, 0.29564726246386736, -0.7842587327544499, -4.076126164103528], [-0.8377499824243174, 0.16398866215689772, -0.5208480446663166, -2.477800897561041], [-0.0253777581959895, 0.941116578829475, 0.3371283946953752, 1.3445936132257277], [0.0, 0.0, 0.0, 1.0]]}, {"file_path": "images/00000024.png", "transform_matrix": [[0.5467776159976867, 0.2942316380015819, -0.7838762542077304, -4.042604023427846], [-0.8369296070106471, 0.1650653545419029, -0.5218258920747785, -2.57146597702816], [-0.024146875159022117, 0.9413719626135677, 0.3365052102029984, 1.3344388619697787], [0.0, 0.0, 0.0, 1.0]]}, {"file_path": "images/00000025.png", "transform_matrix": [[0.5461563771781448, 0.29347008803392843, -0.7845944934582149, -4.13987676682468], [-0.8373757531768193, 0.1658921885195519, -0.5208470310757537, -2.565709942229837], [-0.02269492644184048, 0.9414643324542837, 0.33634781268627145, 1.3569084293029385], [0.0, 0.0, 0.0, 1.0]]}, {"file_path": "images/00000026.png", "transform_matrix": [[0.5474306810575686, 0.29340944989838136, -0.7837286164324523, -4.061321853652538], [-0.8365858080230456, 0.1682980141148877, -0.5213443816328053, -2.5066818062434835], [-0.021067398471904194, 0.9410561477517101, 0.33759367821238484, 1.3754773490043104], [0.0, 0.0, 0.0, 1.0]]}, {"file_path": "images/00000027.png", "transform_matrix": [[0.5500250406588424, 0.29182042265782404, -0.782504501990882, -3.9724053644626873], [-0.8349290543229624, 0.1706798650666947, -0.5232225701447298, -2.494589326669346], [-0.019129268749864557, 0.941121259268187, 0.33752754924478, 1.3313453890596565], [0.0, 0.0, 0.0, 1.0]]}, {"file_path": "images/00000028.png", "transform_matrix": [[0.5549323787746092, 0.2909280013884675, -0.7793657376762311, -3.8859653629439], [-0.8316899039534758, 0.17319607618086869, -0.5275367502440824, -2.5441109330333695], [-0.01849212473214846, 0.9409378392165503, 0.33807399208163097, 1.3226427089476722], [0.0, 0.0, 0.0, 1.0]]}, {"file_path": "images/00000029.png", "transform_matrix": [[0.5589211132565339, 0.29018443864067767, -0.7767883758108264, -3.979842807608431], [-0.8290401453685512, 0.17599612717185287, -0.5307709492695304, -2.5107439803329563], [-0.01730972418574096, 0.9406478378527623, 0.3389425005220912, 1.3312259397725783], [0.0, 0.0, 0.0, 1.0]]}, {"file_path": "images/00000030.png", "transform_matrix": [[0.5630046761679325, 0.2886248180397121, -0.7744168445304729, -3.889395941714559], [-0.8263104055598365, 0.17913656395486893, -0.5339674195291874, -2.548011914080185], [-0.015389876702787643, 0.9405348509926015, 0.33934841362827756, 1.310478275691522], [0.0, 0.0, 0.0, 1.0]]}, {"file_path": "images/00000031.png", "transform_matrix": [[0.5665096834044834, 0.2854653640132811, -0.7730305974705445, -3.8061432591480377], [-0.8239696438055507, 0.1827192719454559, -0.536365261503161, -2.5747101305476052], [-0.011866116657701976, 0.9408098605319157, 0.33872703120656533, 1.2619376114645027], [0.0, 0.0, 0.0, 1.0]]}, {"file_path": "images/00000032.png", "transform_matrix": [[0.5722155726804198, 0.28343820472271825, -0.7695661911450705, -3.8886426115678727], [-0.8200361146470821, 0.18574224188300284, -0.5413322364828014, -2.5201714085131988], [-0.01049328764657213, 0.9408308050597367, 0.33871416745339195, 1.276749250458969], [0.0, 0.0, 0.0, 1.0]]}, {"file_path": "images/00000033.png", "transform_matrix": [[0.576040224285855, 0.2804003571816764, -0.7678237426421768, -3.8083470657889857], [-0.8173865885165292, 0.1889284781570548, -0.5442289913770189, -2.5699977561790126], [-0.00753823238050059, 0.9411066198359661, 0.33802589430712404, 1.2440390011948046], [0.0, 0.0, 0.0, 1.0]]}, {"file_path": "images/00000034.png", "transform_matrix": [[0.5802197568205765, 0.2771573127353296, -0.765851720544095, -3.868316290997432], [-0.814444616905332, 0.19167000209988785, -0.547670134560608, -2.4937891823529643], [-0.004999981875327406, 0.9415128434374747, 0.3369400034014347, 1.2684509921756686], [0.0, 0.0, 0.0, 1.0]]}, {"file_path": "images/00000035.png", "transform_matrix": [[0.5862217403852665, 0.27302376352002405, -0.762759526797914, -3.8152016646786793], [-0.8101443695345076, 0.19385096903729432, -0.5532521146055542, -2.5727035867784616], [-0.003189301092818706, 0.9422737534400343, 0.3348283172092824, 1.2376069774320175], [0.0, 0.0, 0.0, 1.0]]}, {"file_path": "images/00000036.png", "transform_matrix": [[0.5914108507839405, 0.26767010536034375, -0.7606483552465917, -3.766088392209046], [-0.8063703645871779, 0.1960794303497765, -0.5579602961770025, -2.6486817921050068], [-0.0002017950713429068, 0.9433480650085334, 0.3318047431729018, 1.1950018277077874], [0.0, 0.0, 0.0, 1.0]]}, {"file_path": "images/00000037.png", "transform_matrix": [[0.5951387549637952, 0.26197627722641864, -0.75972251024876, -3.8162278593126664], [-0.8036109582667174, 0.19917553067439595, -0.5608373523000234, -2.575421736295856], [0.0043920524589971715, 0.944297378062831, 0.32906408452988406, 1.2410344038009729], [0.0, 0.0, 0.0, 1.0]]}, {"file_path": "images/00000038.png", "transform_matrix": [[0.6002194126501643, 0.2581379139679795, -0.7570346584655808, -3.7580372536519198], [-0.7998076079449251, 0.20159661175437327, -0.5653906582207159, -2.6492471796012262], [0.006666857037210612, 0.9448405281138884, 0.3274628673900969, 1.206921981811717], [0.0, 0.0, 0.0, 1.0]]}, {"file_path": "images/00000039.png", "transform_matrix": [[0.6067966020619242, 0.25411109143995203, -0.7531437027561503, -3.696732114516878], [-0.7948122588271547, 0.2040480329719176, -0.5715224172847894, -2.722081499705904], [0.008447305853939524, 0.9454057084196921, 0.3257862636452019, 1.1763141114038218], [0.0, 0.0, 0.0, 1.0]]}, {"file_path": "images/00000040.png", "transform_matrix": [[0.6131911659629773, 0.2499175580273814, -0.7493582642785358, -3.6398015531489913], [-0.7898727814289923, 0.20584775525681215, -0.5776916918340096, -2.7962084910418], [0.009878419669013407, 0.9461331385753121, 0.3236271017438166, 1.14075992264647], [0.0, 0.0, 0.0, 1.0]]}, {"file_path": "images/00000041.png", "transform_matrix": [[0.6181815980798279, 0.2463006622691838, -0.7464499284139403, -3.582499007727436], [-0.7859481827410254, 0.20782210967376782, -0.5823190060246235, -2.8722826234095273], [0.011703242053018583, 0.9466498584806654, 0.3220513617928281, 1.1102780481460692], [0.0, 0.0, 0.0, 1.0]]}, {"file_path": "images/00000042.png", "transform_matrix": [[0.6295262229245441, 0.24516961935579012, -0.7372846075046187, -3.52820975869943], [-0.7769258802579342, 0.20974882173140136, -0.5936258151128572, -2.956084091455406], [0.009105562573800883, 0.9465185099046538, 0.3225210058379435, 1.1048016082806382], [0.0, 0.0, 0.0, 1.0]]}, {"file_path": "images/00000043.png", "transform_matrix": [[0.635207309722158, 0.24110383471705893, -0.7337442433356541, -3.591080248219335], [-0.772244235361487, 0.21336013657620753, -0.5984281853922133, -2.8810513959111956], [0.012268441669266553, 0.9467557198505372, 0.3217189648403233, 1.1252318835421842], [0.0, 0.0, 0.0, 1.0]]}, {"file_path": "images/00000044.png", "transform_matrix": [[0.642759064305487, 0.2364967958389664, -0.7286494705130724, -3.5209716479455984], [-0.7659336238400026, 0.2162351184723709, -0.605465157883791, -2.9480651692753534], [0.014369034749572981, 0.9472653478101377, 0.32012793028277664, 1.1008610331754785], [0.0, 0.0, 0.0, 1.0]]}, {"file_path": "images/00000045.png", "transform_matrix": [[0.6526243005225972, 0.2295807486401434, -0.72206246425719, -3.468554923710406], [-0.757563798916574, 0.21452676762125708, -0.6165025194966731, -3.022402354403511], [0.013364616513152247, 0.9493529090346768, 0.3139274457601356, 1.0593102217750283], [0.0, 0.0, 0.0, 1.0]]}, {"file_path": "images/00000046.png", "transform_matrix": [[0.6563470356553922, 0.22605608535250973, -0.7197966484566471, -3.3875756321380597], [-0.7542471860102798, 0.21921612905446983, -0.6189147527395273, -3.0761616829120784], [0.0178815888098319, 0.9491274598820373, 0.3143840227303822, 1.0358093933791293], [0.0, 0.0, 0.0, 1.0]]}, {"file_path": "images/00000047.png", "transform_matrix": [[0.6647404804155147, 0.22568975281799952, -0.7121686803263992, -3.3024875140214682], [-0.7467979780004522, 0.22667024520765944, -0.6252306614303377, -3.1258898274827263], [0.02031929596635175, 0.9474622607127198, 0.3192215387551468, 1.0527541209812052], [0.0, 0.0, 0.0, 1.0]]}, {"file_path": "images/00000048.png", "transform_matrix": [[0.6704184583305252, 0.22176844576817883, -0.7080662732112245, -3.2260855375444826], [-0.7416160575408249, 0.23029677107077892, -0.6300547757399029, -3.1877535233434493], [0.023339108060007104, 0.947513669431865, 0.31886224665732327, 1.034434155769759], [0.0, 0.0, 0.0, 1.0]]}, {"file_path": "images/00000049.png", "transform_matrix": [[0.6748103337284362, 0.21806714775154915, -0.7050373980384051, -3.1448513711666015], [-0.7374776925426653, 0.23489195708959604, -0.6332080396656763, -3.2438203366965683], [0.02752574310335281, 0.9472446820279727, 0.3193271768969295, 1.0183866433816238], [0.0, 0.0, 0.0, 1.0]]}, {"file_path": "images/00000050.png", "transform_matrix": [[0.679838518481647, 0.21376961763642324, -0.7015141762161342, -3.225344810319296], [-0.7326734869987745, 0.23941794816672324, -0.6370781800888933, -3.1874855365716033], [0.03176712571742412, 0.9470911237759656, 0.31938887434765384, 1.0370198542906333], [0.0, 0.0, 0.0, 1.0]]}, {"file_path": "images/00000051.png", "transform_matrix": [[0.6912584968930223, 0.20591085052514518, -0.6926488375628421, -3.1679245540460568], [-0.7219296347306522, 0.23830408761828975, -0.6496374098855181, -3.2620335340460604], [0.031293657672802906, 0.949111101781293, 0.3133828705171783, 1.0031744669767249], [0.0, 0.0, 0.0, 1.0]]}, {"file_path": "images/00000052.png", "transform_matrix": [[0.6971603691728864, 0.20285196775624972, -0.6876179890753932, -3.086933284727238], [-0.7160528897997166, 0.24405389829532212, -0.653992319325705, -3.3204743565509838], [0.03515222189914693, 0.9483083749330458, 0.3153974435470705, 1.0081829157973443], [0.0, 0.0, 0.0, 1.0]]}, {"file_path": "images/00000053.png", "transform_matrix": [[0.7057718299920368, 0.19445977390140112, -0.6812279503894804, -3.0296565080956483], [-0.7074255358512224, 0.24487238625312696, -0.6630132922325116, -3.391263640633021], [0.03788449889304104, 0.949854152409093, 0.3103898419140934, 0.9668519574459309], [0.0, 0.0, 0.0, 1.0]]}, {"file_path": "images/00000054.png", "transform_matrix": [[0.7125187017044475, 0.19024288138394194, -0.6753700806758394, -3.0986466623989286], [-0.7004660564413707, 0.24882833535466534, -0.668903403563462, -3.319563943090037], [0.04079710206147658, 0.9496800017222198, 0.31055352334323916, 0.9768275266956129], [0.0, 0.0, 0.0, 1.0]]}, {"file_path": "images/00000055.png", "transform_matrix": [[0.7205761557725938, 0.18608556101345194, -0.6679387455315388, -3.1659794656764384], [-0.6920066655016563, 0.2535109061808656, -0.6759134525583272, -3.245645142481329], [0.043552022637155886, 0.9492651813341005, 0.3114463627971593, 0.9783455911678248], [0.0, 0.0, 0.0, 1.0]]}, {"file_path": "images/00000056.png", "transform_matrix": [[0.7273869898528552, 0.1798909640232213, -0.662229120564435, -3.109715685695372], [-0.6846388893609288, 0.25586543478938895, -0.6824972310972062, -3.323065319944623], [0.04666645701815783, 0.9498274161164046, 0.30927353823377146, 0.9493541582241021], [0.0, 0.0, 0.0, 1.0]]}, {"file_path": "images/00000057.png", "transform_matrix": [[0.7329301352236458, 0.17513975234340678, -0.6573731695909749, -3.0582708030162253], [-0.6784891796083174, 0.2587172078436703, -0.6875447909196091, -3.4049801422543333], [0.04965732654125967, 0.9499428791133232, 0.3084520650138284, 0.9239891048556714], [0.0, 0.0, 0.0, 1.0]]}, {"file_path": "images/00000058.png", "transform_matrix": [[0.7381678788988374, 0.1703209694682622, -0.6527625525329472, -3.000303877456938], [-0.6724554271219331, 0.2631661055955514, -0.6917711322400003, -3.4805679844501163], [0.05396184893543042, 0.9495969504417953, 0.30879402623713764, 0.8935537035318043], [0.0, 0.0, 0.0, 1.0]]}, {"file_path": "images/00000059.png", "transform_matrix": [[0.7461003570926159, 0.15863377955421049, -0.6466603290743625, -2.961146534260559], [-0.6633738417608578, 0.2605030947938725, -0.7014793537025431, -3.531765035908691], [0.05717869584721343, 0.9523515431029661, 0.2995949518253612, 0.817097412775036], [0.0, 0.0, 0.0, 1.0]]}, {"file_path": "images/00000060.png", "transform_matrix": [[0.7508307982107174, 0.15382788063938982, -0.6423317644832734, -2.8737646923046096], [-0.6574738273464695, 0.2669707669724405, -0.7045954697109645, -3.5780854226865415], [0.06309737600110447, 0.9513483025597687, 0.30158767950142, 0.8023043243305585], [0.0, 0.0, 0.0, 1.0]]}, {"file_path": "images/00000061.png", "transform_matrix": [[0.7555732359580062, 0.14910176288029076, -0.6378696963156983, -2.95988338250169], [-0.6514733382938311, 0.2728540642577291, -0.7079075851486641, -3.5278246174333643], [0.06849507020458334, 0.9504311253252555, 0.30329705148462394, 0.8098820980544126], [0.0, 0.0, 0.0, 1.0]]}, {"file_path": "images/00000062.png", "transform_matrix": [[0.7624315887799301, 0.14039355690353736, -0.6316547487974973, -2.898240569010766], [-0.6428891204248163, 0.2751295712698312, -0.7148407499946887, -3.5909777194165695], [0.07342786471585912, 0.9511011346096688, 0.3000249664546241, 0.7628517965958028], [0.0, 0.0, 0.0, 1.0]]}, {"file_path": "images/00000063.png", "transform_matrix": [[0.7675329119639547, 0.13477573766230153, -0.6266807238599725, -2.80606890031354], [-0.636169218570811, 0.28007624565350026, -0.7189200386443044, -3.623727465875466], [0.07862540583362058, 0.9504697771212911, 0.30070791210929326, 0.7420710940789129], [0.0, 0.0, 0.0, 1.0]]}, {"file_path": "images/00000064.png", "transform_matrix": [[0.7762329133886675, 0.1285418550176567, -0.6172029291478662, -2.729454175520968], [-0.6251915409261919, 0.28308291677504027, -0.7273235864353319, -3.6851584367941124], [0.08122808242678188, 0.9504425568131059, 0.30010155763085045, 0.7231920115418631], [0.0, 0.0, 0.0, 1.0]]}, {"file_path": "images/00000065.png", "transform_matrix": [[0.7792042740293984, 0.12185619994217949, -0.6148103495696169, -2.6369500592499873], [-0.6203268814498158, 0.2902243525915257, -0.7286730304562262, -3.718571934824476], [0.0896396091786618, 0.949168526533037, 0.30173473246218874, 0.7051219638677032], [0.0, 0.0, 0.0, 1.0]]}, {"file_path": "images/00000066.png", "transform_matrix": [[0.7819449784126059, 0.11648131020301138, -0.612367663398913, -2.538513226861455], [-0.6158060483257636, 0.2966990989958137, -0.7298990036307521, -3.7352866577093633], [0.09666934172584461, 0.9478405715575964, 0.3037322658992444, 0.6995714621897974], [0.0, 0.0, 0.0, 1.0]]}, {"file_path": "images/00000067.png", "transform_matrix": [[0.7911146406492311, 0.11037219338489064, -0.6016274630913973, -2.4671991375997004], [-0.6037533986066739, 0.2986197787942251, -0.7391265530235436, -3.80307634675781], [0.09807884109866047, 0.9479684629260671, 0.302880065859346, 0.6817148462753031], [0.0, 0.0, 0.0, 1.0]]}, {"file_path": "images/00000068.png", "transform_matrix": [[0.7928262357621376, 0.10348844965361234, -0.600596953658171, -2.5657907082004376], [-0.5999074773443483, 0.30620701096100306, -0.7391537628026756, -3.8194577540541683], [0.10741312100386861, 0.9463230987820384, 0.3048524466301631, 0.6850840749867674], [0.0, 0.0, 0.0, 1.0]]}, {"file_path": "images/00000069.png", "transform_matrix": [[0.7957430940155241, 0.0979813278800016, -0.5976559108562517, -2.6580127634377075], [-0.5948922403030356, 0.3114920250933106, -0.7409965861805236, -3.7811711559868204], [0.11356122051308376, 0.9451837798818569, 0.3061559594593119, 0.6904904542624141], [0.0, 0.0, 0.0, 1.0]]}, {"file_path": "images/00000070.png", "transform_matrix": [[0.8084098906031221, 0.08741841795637562, -0.5820923200360885, -2.5869885270176023], [-0.5776697714917434, 0.3076878549661742, -0.7560594017745416, -3.8422148544525663], [0.11300922056001195, 0.9474630357803644, 0.29923688269814247, 0.6554301530792708], [0.0, 0.0, 0.0, 1.0]]}, {"file_path": "images/00000071.png", "transform_matrix": [[0.8148964763329759, 0.0831061300819374, -0.5736175590677546, -2.501585953426324], [-0.5676735839070388, 0.3142230645157402, -0.7609274392878463, -3.8916974855989555], [0.11700613251793496, 0.9457046245687397, 0.30323642276468266, 0.6714884730221874], [0.0, 0.0, 0.0, 1.0]]}, {"file_path": "images/00000072.png", "transform_matrix": [[0.8141113357985063, 0.07452211213889583, -0.5759072736080653, -2.5802947910817604], [-0.5660878095211631, 0.3229842646926904, -0.7584363893387088, -3.946581305798907], [0.129488705640952, 0.9434657490468267, 0.30513121039246055, 0.6996431379217771], [0.0, 0.0, 0.0, 1.0]]}, {"file_path": "images/00000073.png", "transform_matrix": [[0.8217293545766121, 0.06682683210825037, -0.5659461479729544, -2.4967575413164735], [-0.5540272551415997, 0.32627500269868875, -0.7658971361579304, -3.996679286045514], [0.1334716016269698, 0.9429097502865491, 0.30513363374481706, 0.6770219028221957], [0.0, 0.0, 0.0, 1.0]]}, {"file_path": "images/00000074.png", "transform_matrix": [[0.8210209888023061, 0.057977224997930954, -0.5679464564512818, -2.5829280679016304], [-0.5518922376966002, 0.33515802279702106, -0.763599409196808, -4.044444390059921], [0.14608043664349304, 0.9403763827303727, 0.3071689517213823, 0.6941430939898653], [0.0, 0.0, 0.0, 1.0]]}, {"file_path": "images/00000075.png", "transform_matrix": [[0.8161434956759677, 0.05030463217919017, -0.5756554859593307, -2.602593752983016], [-0.5551438131071245, 0.3447685489708542, -0.7569346037869438, -3.948136934229931], [0.1603905897741043, 0.9373388350442774, 0.30930691408110955, 0.6757546524594935], [0.0, 0.0, 0.0, 1.0]]}, {"file_path": "images/00000076.png", "transform_matrix": [[0.818004855458602, 0.04230795349093167, -0.5736532869124914, -2.6994865690842182], [-0.5491237902615346, 0.3543705490478041, -0.7568913904498106, -3.9344825897211226], [0.171263304501417, 0.9341474996481328, 0.3131091335317822, 0.6551308539563419], [0.0, 0.0, 0.0, 1.0]]}, {"file_path": "images/00000077.png", "transform_matrix": [[0.8231661256888904, 0.034013643472323676, -0.5667809115028701, -2.6081747986077524], [-0.5388460955914147, 0.36148884245855767, -0.7609012432928097, -3.97487469909911], [0.17900395201976643, 0.9317558096922669, 0.3158934889082713, 0.649595687014883], [0.0, 0.0, 0.0, 1.0]]}, {"file_path": "images/00000078.png", "transform_matrix": [[0.8236722524268901, 0.026761846137595524, -0.5664343070835888, -2.508229501834252], [-0.5343390132753567, 0.3710619890764693, -0.7594700910208486, -3.978181350201999], [0.18985741894558011, 0.9282223892543531, 0.3199333627912063, 0.6496566133955701], [0.0, 0.0, 0.0, 1.0]]}, {"file_path": "images/00000079.png", "transform_matrix": [[0.8271395636527697, 0.01962237575585366, -0.5616539011508295, -2.5864053191016505], [-0.5247249158102787, 0.3848549252308275, -0.7593091921306849, -3.95532758728897], [0.2012558198501411, 0.9227684698523962, 0.3286250843915332, 0.5916372449401976], [0.0, 0.0, 0.0, 1.0]]}, {"file_path": "images/00000080.png", "transform_matrix": [[0.8354894013474452, 0.009653306207245926, -0.5494217632960137, -2.513532908351212], [-0.5096899174301427, 0.3872772382957067, -0.7682659232120009, -4.023272080610723], [0.20536223694347905, 0.921912769428706, 0.3284862208228701, 0.5830840245463353], [0.0, 0.0, 0.0, 1.0]]}, {"file_path": "images/00000081.png", "transform_matrix": [[0.8335170969102724, -3.682652216211747e-06, -0.5524936644095148, -2.4953918989864645], [-0.5075060535435746, 0.3952450412647035, -0.7656493733903087, -4.1114824110309], [0.21837320080838696, 0.9185757221917608, 0.329441630394843, 0.6265563305188803], [0.0, 0.0, 0.0, 1.0]]}, {"file_path": "images/00000082.png", "transform_matrix": [[0.8321982684643133, -0.010754601031373474, -0.5543738635520243, -2.398526102784536], [-0.503855022462694, 0.40270090100438355, -0.7641741298094689, -4.093815347994352], [0.2314652422302779, 0.9152684431053997, 0.3297082327806268, 0.6090951618734397], [0.0, 0.0, 0.0, 1.0]]}, {"file_path": "images/00000083.png", "transform_matrix": [[0.8282496433438233, -0.02185268235471739, -0.5599330215683636, -2.498241339119701], [-0.5031466262078809, 0.4108625772673162, -0.7602864033622909, -4.100171528849908], [0.24666982160993894, 0.9114353531284831, 0.32930167968461027, 0.6050367621615123], [0.0, 0.0, 0.0, 1.0]]}, {"file_path": "images/00000084.png", "transform_matrix": [[0.8434010173448664, -0.025104371949066586, -0.536697768319033, -2.427153833243714], [-0.4782064747921576, 0.420303951793521, -0.771144056304845, -4.156909006300889], [0.2449352801590402, 0.9070360294236167, 0.34247970732508964, 0.6465990667336831], [0.0, 0.0, 0.0, 1.0]]}, {"file_path": "images/00000085.png", "transform_matrix": [[0.8551039515296978, -0.03223267887374055, -0.5174536564358803, -2.350726556548377], [-0.4577508529329206, 0.421695219285198, -0.7827115041136644, -4.219028083313651], [0.2434366216835326, 0.906164552662131, 0.3458387121051886, 0.6639222202716952], [0.0, 0.0, 0.0, 1.0]]}, {"file_path": "images/00000086.png", "transform_matrix": [[0.860578015554218, -0.04041723967719129, -0.5077124441547441, -2.274754918384034], [-0.44450034086268164, 0.4270536965865594, -0.78742909979591, -4.274332956188921], [0.24864618673452524, 0.9033225265790179, 0.349547545930315, 0.698122823064744], [0.0, 0.0, 0.0, 1.0]]}, {"file_path": "images/00000087.png", "transform_matrix": [[0.8643658361645307, -0.048029000773358366, -0.5005645976537375, -2.207798486533844], [-0.4338224982799616, 0.4321750071975904, -0.790583836882957, -4.338352179794172], [0.25430246030691805, 0.9005098435301486, 0.35272125036036933, 0.7357841459747898], [0.0, 0.0, 0.0, 1.0]]}, {"file_path": "images/00000088.png", "transform_matrix": [[0.8662133537743771, -0.056184386476002816, -0.4965055292010394, -2.1485129073012796], [-0.42557091816095266, 0.4377577294326558, -0.7919959368193074, -4.406832559375013], [0.26184693891548483, 0.8973357705420084, 0.3552811500136156, 0.7781593475429686], [0.0, 0.0, 0.0, 1.0]]}, {"file_path": "images/00000089.png", "transform_matrix": [[0.8667576049748794, -0.06770332225016369, -0.49411285597770543, -2.084341932667745], [-0.4167171107708645, 0.4460029455648093, -0.7921036688079279, -4.467368323289005], [0.27400383915233606, 0.8924671606055451, 0.3583633120718194, 0.8252497637910643], [0.0, 0.0, 0.0, 1.0]]}, {"file_path": "images/00000090.png", "transform_matrix": [[0.8738171519710396, -0.07713595962791614, -0.4800975200117627, -2.009738720235917], [-0.3991004560841492, 0.45026225104766376, -0.7987382119540779, -4.526776774288687], [0.2777812285534595, 0.8895582887417173, 0.36266188118254955, 0.8553329259448812], [0.0, 0.0, 0.0, 1.0]]}, {"file_path": "images/00000091.png", "transform_matrix": [[0.8788642803842118, -0.08293407038715592, -0.46980795725668995, -1.9381850241872585], [-0.38537708167212475, 0.45706959266938496, -0.8016058210739252, -4.578114758991846], [0.2812153652438482, 0.8855559426038565, 0.3697412486298916, 0.9027088682463071], [0.0, 0.0, 0.0, 1.0]]}, {"file_path": "images/00000092.png", "transform_matrix": [[0.8812584813675954, -0.09179091788266262, -0.4636355427271315, -1.8658782190637393], [-0.37578420411043245, 0.45887269157578364, -0.8051224036553501, -4.64452718047075], [0.28665261384081614, 0.8837478601813646, 0.36989187429803405, 0.9217119260683003], [0.0, 0.0, 0.0, 1.0]]}, {"file_path": "images/00000093.png", "transform_matrix": [[0.8807122108291682, -0.10140526851200832, -0.4626693995525853, -1.7976460889676893], [-0.3694772839516539, 0.464112019993014, -0.8050382410434905, -4.705485718158998], [0.2963655486107531, 0.8799528421856684, 0.371282180012234, 0.9620657747813202], [0.0, 0.0, 0.0, 1.0]]}, {"file_path": "images/00000094.png", "transform_matrix": [[0.8835021393816144, -0.10823442026775303, -0.455751335758172, -1.7166026641848453], [-0.359483520810572, 0.46712369804959014, -0.8078162222849906, -4.752078732509808], [0.3003257698522981, 0.8775424554084311, 0.3737962961119214, 0.9975771013372007], [0.0, 0.0, 0.0, 1.0]]}, {"file_path": "images/00000095.png", "transform_matrix": [[0.8885162950483623, -0.11583844675517577, -0.443982260630787, -1.6377022371983445], [-0.344609994572162, 0.4704056085699616, -0.8123807697549109, -4.798297395742008], [0.30295667204847376, 0.874814276137281, 0.3780439619890038, 1.0380562044765094], [0.0, 0.0, 0.0, 1.0]]}, {"file_path": "images/00000096.png", "transform_matrix": [[0.886023328960923, -0.1276593477853816, -0.4457193640935506, -1.707823016509728], [-0.3401375497009416, 0.47431553572000135, -0.8119921304167734, -4.7440236048084605], [0.31507000473667707, 0.871049862838983, 0.3768328921843793, 0.991823835653353], [0.0, 0.0, 0.0, 1.0]]}, {"file_path": "images/00000097.png", "transform_matrix": [[0.8941795380965017, -0.13079106146283587, -0.4281782945910446, -1.6264079926826798], [-0.3208689716230586, 0.4797535639189129, -0.8166269778530129, -4.7738845804435925], [0.31222757207535756, 0.8676002629104923, 0.3870190267960956, 1.041622590959218], [0.0, 0.0, 0.0, 1.0]]}, {"file_path": "images/00000098.png", "transform_matrix": [[0.8907976262918343, -0.1463997355468665, -0.4301705551203912, -1.6759685680671685], [-0.3143214968894438, 0.48512521644955525, -0.8159997064696987, -4.7011723113891914], [0.32814872489648844, 0.8621024543812444, 0.38613180724626617, 0.9941181143607629], [0.0, 0.0, 0.0, 1.0]]}, {"file_path": "images/00000099.png", "transform_matrix": [[0.8977559088302592, -0.15196046189079607, -0.41345174597555556, -1.5908707014553467], [-0.2956129374409351, 0.48801676585131565, -0.8212506483810207, -4.736431371321927], [0.3265690117626651, 0.8595043073326591, 0.3931984566368322, 1.0330430651174949], [0.0, 0.0, 0.0, 1.0]]}, {"file_path": "images/00000100.png", "transform_matrix": [[0.9006703758113866, -0.15915304616141904, -0.40430580270540434, -1.5039035569994768], [-0.2819083799197322, 0.49402439550145866, -0.8224764811112432, -4.7556417396199295], [0.33063656714424783, 0.8547573951713165, 0.40008656055363584, 1.0785147874922376], [0.0, 0.0, 0.0, 1.0]]}, {"file_path": "images/00000101.png", "transform_matrix": [[0.9061768296953955, -0.16654727043704523, -0.3887229863297465, -1.415129831796086], [-0.26396692858409476, 0.49538464929869297, -0.8275962239243081, -4.7939425890132865], [0.33040129237590043, 0.8525585352351092, 0.4049431195399237, 1.10405437734579], [0.0, 0.0, 0.0, 1.0]]}, {"file_path": "images/00000102.png", "transform_matrix": [[0.9094696266617404, -0.17274161649046585, -0.3781869011215983, -1.336468662141153], [-0.2489353812237481, 0.5023096316006465, -0.8280798330939432, -4.816217711597407], [0.333010771930384, 0.8472575570545982, 0.4138338529661762, 1.1616411753384932], [0.0, 0.0, 0.0, 1.0]]}, {"file_path": "images/00000103.png", "transform_matrix": [[0.912616427548032, -0.17833703854042304, -0.3678683961990224, -1.270889381753433], [-0.23255390536417966, 0.5136029318164549, -0.8259120470910278, -4.832780238120841], [0.336228995383509, 0.8392901340812368, 0.42724949802887197, 1.235296050938611], [0.0, 0.0, 0.0, 1.0]]}, {"file_path": "images/00000104.png", "transform_matrix": [[0.9162869033069008, -0.18595354426036867, -0.3547387634206335, -1.1797536219316471], [-0.21581703025752974, 0.5168850843526608, -0.8284037777709886, -4.857281373716433], [0.33740379420902605, 0.8356141986601872, 0.4334830916188916, 1.2683712325239374], [0.0, 0.0, 0.0, 1.0]]}, {"file_path": "images/00000105.png", "transform_matrix": [[0.9156482814639212, -0.1956211119522221, -0.35117033655860963, -1.1083207878784125], [-0.2064917175143377, 0.520634825943718, -0.8284325854366278, -4.90233613349669], [0.34489041059135506, 0.8310666390998372, 0.43632424425655475, 1.3219195176585243], [0.0, 0.0, 0.0, 1.0]]}, {"file_path": "images/00000106.png", "transform_matrix": [[0.9135563054030329, -0.2079246677254354, -0.34954571872299006, -1.0475365825241392], [-0.1981079606619975, 0.5230991618913611, -0.8289273205484196, -4.966696225806561], [0.35520151020027496, 0.8265195699021938, 0.4366890058024853, 1.3684282146706954], [0.0, 0.0, 0.0, 1.0]]}, {"file_path": "images/00000107.png", "transform_matrix": [[0.9115887509331099, -0.21931057359596304, -0.34771945811122834, -1.1016080654722464], [-0.18994984192872533, 0.5254232452099153, -0.8293669097239262, -4.9084589897786275], [0.3645888187965, 0.8220908014042574, 0.4373119110242767, 1.3077264925195404], [0.0, 0.0, 0.0, 1.0]]}, {"file_path": "images/00000108.png", "transform_matrix": [[0.9129183625621758, -0.2274510112451498, -0.3388895112692333, -1.1785663058997535], [-0.17579767919027472, 0.5302171103401162, -0.8294365508552008, -4.9028896287214705], [0.3683411996454505, 0.8167838474390058, 0.4440595762677683, 1.244115082785099], [0.0, 0.0, 0.0, 1.0]]}, {"file_path": "images/00000109.png", "transform_matrix": [[0.9121388707573311, -0.2374743547363807, -0.33407875024315115, -1.0930028783471308], [-0.1654899973250816, 0.5323051179309896, -0.8302194422021814, -4.9062541358172345], [0.374987654872978, 0.8125621159751849, 0.44623655883782054, 1.2957637028841305], [0.0, 0.0, 0.0, 1.0]]}, {"file_path": "images/00000110.png", "transform_matrix": [[0.9115585830455911, -0.24585014421535265, -0.3295734460376774, -1.0488913760673777], [-0.15295381678622005, 0.541270790947335, -0.8268198478498537, -4.90001066759401], [0.38166225864605396, 0.8041042454228342, 0.45579631732473697, 1.3852913213705365], [0.0, 0.0, 0.0, 1.0]]}, {"file_path": "images/00000111.png", "transform_matrix": [[0.9123589143064341, -0.252516643723075, -0.32223680143081784, -0.9876676223911869], [-0.13922090413763874, 0.5488267764081803, -0.8242613113261986, -4.8935610791646535], [0.3849918848562306, 0.7968842539479875, 0.4655714064171387, 1.4640952222610668], [0.0, 0.0, 0.0, 1.0]]}, {"file_path": "images/00000112.png", "transform_matrix": [[0.9136794803726819, -0.2590400578277456, -0.3131901270066635, -0.9153765503075402], [-0.1250782051313336, 0.5539721318226803, -0.8230858520018672, -4.892764631330578], [0.3867108090234598, 0.79120991251002, 0.47375270405448217, 1.5331847769602143], [0.0, 0.0, 0.0, 1.0]]}, {"file_path": "images/00000113.png", "transform_matrix": [[0.9153741324332817, -0.2659775930603623, -0.30223520266471143, -0.832023101941723], [-0.11083627848760279, 0.555209903903407, -0.8242919883022453, -4.904577572303694], [0.38704717685527185, 0.7880341887551752, 0.47874481752804665, 1.587153815044825], [0.0, 0.0, 0.0, 1.0]]}, {"file_path": "images/00000114.png", "transform_matrix": [[0.914147280765821, -0.2749142837473071, -0.297920938720504, -0.7622512148139156], [-0.10150171348518137, 0.5562804542054293, -0.8247723676440997, -4.933841606596608], [0.3924692998141977, 0.7842029028958865, 0.4806179936931662, 1.6525411231724747], [0.0, 0.0, 0.0, 1.0]]}, {"file_path": "images/00000115.png", "transform_matrix": [[0.9116625385493621, -0.28477006307152347, -0.29627255534713237, -0.698699900329134], [-0.09354282774250199, 0.5582284936930175, -0.8243971665452532, -4.9603960409938646], [0.4001514154070877, 0.7792861862352143, 0.48227780869464204, 1.7250400365557574], [0.0, 0.0, 0.0, 1.0]]}, {"file_path": "images/00000116.png", "transform_matrix": [[0.9103009334483579, -0.29343402191149887, -0.29197377521934426, -0.6292587810180178], [-0.0839546998286282, 0.5598085110140094, -0.8243579558502747, -4.98629582217358], [0.4053440748405676, 0.7749263873624566, 0.4849590448993013, 1.7921752157416662], [0.0, 0.0, 0.0, 1.0]]}, {"file_path": "images/00000117.png", "transform_matrix": [[0.9095520542591229, -0.3010801107371517, -0.286471338146524, -0.5497313930280131], [-0.07422296586163082, 0.5605457871599551, -0.8247905017861266, -5.0022820532404975], [0.40890831735282634, 0.7714526475845688, 0.487498513436775, 1.850654570871868], [0.0, 0.0, 0.0, 1.0]]}, {"file_path": "images/00000118.png", "transform_matrix": [[0.9070655875157602, -0.309748106800635, -0.28511073348097016, -0.48466575289813696], [-0.06752353650985447, 0.5614282788459781, -0.8247659423920984, -5.028803900008127], [0.4155389175883291, 0.7673684891204314, 0.4883369840009786, 1.9218097120718045], [0.0, 0.0, 0.0, 1.0]]}, {"file_path": "images/00000119.png", "transform_matrix": [[0.9048092198463625, -0.31833451062210955, -0.2828133927096529, -0.5597211300996917], [-0.059910040727343704, 0.5623911563351561, -0.8246981110059218, 