{
    "frames": [
        {
            "file_path": "images/00000001.png",
            "transform_matrix": [
                [
                    0.5250383857004993,
                    0.30639472162244,
                    -0.7940132040280387,
                    -4.009087012436809
                ],
                [
                    -0.8500288161360217,
                    0.14246201451424284,
                    -0.5071051036615755,
                    -2.387299582393198
                ],
                [
                    -0.04225760647296412,
                    0.9411837488232818,
                    0.3352423686152482,
                    1.3675979183907485
                ],
                [
                    0.0,
                    0.0,
                    0.0,
                    1.0
                ]
            ]
        },
        {
            "file_path": "images/00000002.png",
            "transform_matrix": [
                [
                    0.5257277864202022,
                    0.30841620761075145,
                    -0.7927734465385929,
                    -4.849980023383331
                ],
                [
                    -0.8495216679970327,
                    0.14231025481056792,
                    -0.5079967785133661,
                    -2.0910844724637494
                ],
                [
                    -0.04385464872359918,
                    0.9405462425236457,
                    0.3368227063732694,
                    0.935745418952354
                ],
                [
                    0.0,
                    0.0,
                    0.0,
                    1.0
                ]
            ]
        },
        {
            "file_path": "images/00000003.png",
            "transform_matrix": [
                [
                    0.5260061696553973,
                    0.3098685804125447,
                    -0.7920220782437444,
                    -5.287010457256356
                ],
                [
                    -0.849298033902923,
                    0.14228541975960948,
                    -0.5083775259913869,
                    -1.6561510457966635
                ],
                [
                    -0.044837028430790314,
                    0.9400725090457341,
                    0.3380137847582361,
                    0.15841399241728316
                ],
                [
                    0.0,
                    0.0,
                    0.0,
                    1.0
                ]
            ]
        },
        {
            "file_path": "images/00000004.png",
            "transform_matrix": [
                [
                    0.5265202391352584,
                    0.311295639161096,
                    -0.7911203845738096,
                    -5.870726628141606
                ],
                [
                    -0.8489291782070987,
                    0.1424036076298112,
                    -0.5089601781311458,
                    -1.4121732978452943
                ],
                [
                    -0.045778687126076224,
                    0.939583012639062,
                    0.33924633267546167,
                    -0.6053764107788916
                ],
                [
                    0.0,
                    0.0,
                    0.0,
                    1.0
                ]
            ]
        },
        {
            "file_path": "images/00000005.png",
            "transform_matrix": [
                [
                    0.5267290207767804,
                    0.31292116926490504,
                    -0.7903397247800469,
                    -6.366457474587691
                ],
                [
                    -0.8487539224435723,
                    0.142619763867071,
                    -0.5091918912274617,
                    -1.0996775406864472
                ],
                [
                    -0.04661885706021514,
                    0.9390100877237589,
                    0.3407150383943308,
                    -1.4046048072585795
                ],
                [
                    0.0,
                    0.0,
                    0.0,
                    1.0
                ]
            ]
        },
        {
            "file_path": "images/00000006.png",
            "transform_matrix": [
                [
                    0.5266796488440078,
                    0.313360129422072,
                    -0.7901986945383521,
                    -5.398422264741741
                ],
                [
                    -0.8487935529760177,
                    0.14306041386961738,
                    -0.5090021831097097,
                    -1.330518038039831
                ],
                [
                    -0.04645483769552112,
                    0.938796648555283,
                    0.3413250661534893,
                    -1.4933721574222403
                ],
                [
                    0.0,
                    0.0,
                    0.0,
                    1.0
                ]
            ]
        },
        {
            "file_path": "images/00000013.png",
            "transform_matrix": [
                [
                    0.5322631154495117,
                    0.33962901806638357,
                    -0.7754663797272798,
                    -6.384899261004187
                ],
                [
                    -0.8439072036638922,
                    0.14014174282433442,
                    -0.517861876877308,
                    -1.1267166388316783
                ],
                [
                    -0.0672057107810478,
                    0.9300604400102271,
                    0.36120765555983025,
                    -1.1778718987161332
                ],
                [
                    0.0,
                    0.0,
                    0.0,
                    1.0
                ]
            ]
        },
        {
            "file_path": "images/00000014.png",
            "transform_matrix": [
                [
                    0.5333369767746918,
                    0.3427987812641165,
                    -0.7733308896176183,
                    -7.367063382317098
                ],
                [
                    -0.8430387183469793,
                    0.14023343111420108,
                    -0.519249751243409,
                    -0.9713072571146961
                ],
                [
                    -0.06955133786010312,
                    0.9288829745605041,
                    0.36378431940111383,
                    -1.26929212588118
                ],
                [
                    0.0,
                    0.0,
                    0.0,
                    1.0
                ]
            ]
        },
        {
            "file_path": "images/00000015.png",
            "transform_matrix": [
                [
                    0.5340810731367884,
                    0.34502350309718227,
                    -0.7718265282404634,
                    -8.268701438376706
                ],
                [
                    -0.8423256428821811,
                    0.1389544350507817,
                    -0.5207486690557618,
                    -0.5506285833773342
                ],
                [
                    -0.07242181084171259,
                    0.9282512845974745,
                    0.3648350778450128,
                    -1.1572246706934002
                ],
                [
                    0.0,
                    0.0,
                    0.0,
                    1.0
                ]
            ]
        },
        {
            "file_path": "images/00000016.png",
            "transform_matrix": [
                [
                    0.5339923217869426,
                    0.34559810821945863,
                    -0.771630836563601,
                    -9.221474427907923
                ],
                [
                    -0.8423871166193069,
                    0.13936257705212232,
                    -0.5205401212891384,
                    -0.4558834178672815
                ],
                [
                    -0.07236121925325112,
                    0.9279763034577537,
                    0.36554593998250984,
                    -1.4428280621226
                ],
                [
                    0.0,
                    0.0,
                    0.0,
                    1.0
                ]
            ]
        },
        {
            "file_path": "images/00000017.png",
            "transform_matrix": [
                [
                    0.534819550812903,
                    0.3498248492918222,
                    -0.7691492852199602,
                    -10.217239225633254
                ],
                [
                    -0.8415936936408294,
                    0.1392885393322289,
                    -0.5218416978693569,
                    -0.33383348813606034
                ],
                [
                    -0.07541951284439556,
                    0.9264023303593542,
                    0.36890462108206584,
                    -1.3477719476841499
                ],
                [
                    0.0,
                    0.0,
                    0.0,
                    1.0
                ]
            ]
        },
        {
            "file_path": "images/00000018.png",
            "transform_matrix": [
                [
                    0.535417693448285,
                    0.3488966836286586,
                    -0.7691547294033797,
                    -11.002026605489347
                ],
                [
                    -0.8412581391950262,
                    0.13952690962421713,
                    -0.522318853507437,
                    -0.022361020856085337
                ],
                [
                    -0.07491753336873562,
                    0.9267164322003972,
                    0.3682173509658957,
                    -1.8869051167799802
                ],
                [
                    0.0,
                    0.0,
                    0.0,
                    1.0
                ]
            ]
        },
        {
            "file_path": "images/00000025.png",
            "transform_matrix": [
                [
                    0.5401398644677364,
                    0.36768112948692183,
                    -0.7570069444200792,
                    -12.030814827126722
                ],
                [
                    -0.8371662477561163,
                    0.14279348913377132,
                    -0.5279798226062714,
                    0.02110863299125998
                ],
                [
                    -0.08603255462983701,
                    0.9189236130097098,
                    0.384938687410965,
                    -1.6214016434200837
                ],
                [
                    0.0,
                    0.0,
                    0.0,
                    1.0
                ]
            ]
        },
        {
            "file_path": "images/00000026.png",
            "transform_matrix": [
                [
                    0.5412725609269748,
                    0.3694926214500287,
                    -0.7553139860679031,
                    -11.08609175478375
                ],
                [
                    -0.836285060696675,
                    0.1431142208603625,
                    -0.529287839500848,
                    -0.27944498779325105
                ],
                [
                    -0.08747177869763778,
                    0.9181467870379504,
                    0.38646496018655,
                    -1.4490684860455791
                ],
                [
                    0.0,
                    0.0,
                    0.0,
                    1.0
                ]
            ]
        },
        {
            "file_path": "images/00000027.png",
            "transform_matrix": [
                [
                    0.5414469110778973,
                    0.3718952019979431,
                    -0.754008754115867,
                    -12.011648217058049
                ],
                [
                    -0.836060861151354,
                    0.14373707464938867,
                    -0.5294732191739944,
                    -0.07046597129118799
                ],
                [
                    -0.08852953722049581,
                    0.9170788473019859,
                    0.3887530179167969,
                    -1.7414615283038684
                ],
                [
                    0.0,
                    0.0,
                    0.0,
                    1.0
                ]
            ]
        },
        {
            "file_path": "images/00000028.png",
            "transform_matrix": [
                [
                    0.5420588735528319,
                    0.37648093762564516,
                    -0.7512884141762155,
                    -12.976011035295404
                ],
                [
                    -0.8353140377293479,
                    0.14375692158208936,
                    -0.5306452731061514,
                    0.1684136411573519
                ],
                [
                    -0.09177492032327822,
                    0.9152027377408515,
                    0.39240452711447843,
                    -1.8293089978248118
                ],
                [
                    0.0,
                    0.0,
                    0.0,
                    1.0
                ]
            ]
        },
        {
            "file_path": "images/00000029.png",
            "transform_matrix": [
                [
                    0.5431785315083786,
                    0.37717646524164433,
                    -0.750129986765292,
                    -13.867748711627257
                ],
                [
                    -0.8345487416331514,
                    0.1445165921079184,
                    -0.5316421281693071,
                    0.41176015447466685
                ],
                [
                    -0.09211666935110364,
                    0.914796626983247,
                    0.3932704547208763,
                    -2.1899779749471193
                ],
                [
                    0.0,
                    0.0,
                    0.0,
                    1.0
                ]
            ]
        },
        {
            "file_path": "images/00000030.png",
            "transform_matrix": [
                [
                    0.545338293015873,
                    0.38374656798095863,
                    -0.7452145448135589,
                    -14.86330188020087
                ],
                [
                    -0.8325470346594452,
                    0.14475069108776212,
                    -0.5347080254771753,
                    0.47844261271167976
                ],
                [
                    -0.09732204927822817,
                    0.9120229213452066,
                    0.3984251620240277,
                    -1.9044269694606348
                ],
                [
                    0.0,
                    0.0,
                    0.0,
                    1.0
                ]
            ]
        },
        {
            "file_path": "images/00000037.png",
            "transform_matrix": [
                [
                    0.5511626632019048,
                    0.4013611293886861,
                    -0.7315250936067854,
                    -15.768214108051355
                ],
                [
                    -0.827181921567584,
                    0.14777636449559423,
                    -0.5421551574304726,
                    0.6003035304876685
                ],
                [
                    -0.10949788741961503,
                    0.9039200130425796,
                    0.41344748486400956,
                    -2.0204361039931995
                ],
                [
                    0.0,
                    0.0,
                    0.0,
                    1.0
                ]
            ]
        },
        {
            "file_path": "images/00000038.png",
            "transform_matrix": [
                [
                    0.5521547689328582,
                    0.4029623763108352,
                    -0.7298948105659009,
                    -16.550110697431553
                ],
                [
                    -0.8264051740761041,
                    0.1486366709690081,
                    -0.5431036994016144,
                    0.7810470281819006
                ],
                [
                    -0.11036122249396202,
                    0.903066145632627,
                    0.4150806394551549,
                    -2.584230301622076
                ],
                [
                    0.0,
                    0.0,
                    0.0,
                    1.0
                ]
            ]
        },
        {
            "file_path": "images/00000039.png",
            "transform_matrix": [
                [
                    0.5528416935177483,
                    0.40475881443016326,
                    -0.728379272163844,
                    -17.34096456183156
                ],
                [
                    -0.8257746946168142,
                    0.14901286022850976,
                    -0.5439589333922566,
                    1.061902226840998
                ],
                [
                    -0.11163429430220566,
                    0.902200348976989,
                    0.4166201083842197,
                    -3.0914451634191105
                ],
                [
                    0.0,
                    0.0,
                    0.0,
                    1.0
                ]
            ]
        },
        {
            "file_path": "images/00000040.png",
            "transform_matrix": [
                [
                    0.5537894476412947,
                    0.4090575436600792,
                    -0.7252511108053266,
                    -18.284030923461447
                ],
                [
                    -0.8246918858383795,
                    0.14927103088250113,
                    -0.5455285994077801,
                    1.2839509090216539
                ],
                [
                    -0.11489360791141986,
                    0.9002166880149756,
                    0.4200111588387581,
                    -3.2846555178373897
                ],
                [
                    0.0,
                    0.0,
                    0.0,
                    1.0
                ]
            ]
        },
        {
            "file_path": "images/00000041.png",
            "transform_matrix": [
                [
                    0.5550985294007402,
                    0.41237593563424346,
                    -0.7223653579978501,
                    -19.220418411586316
                ],
                [
                    -0.8234538635796339,
                    0.14984158305134007,
                    -0.5472396500114265,
                    1.4861259312685244
                ],
                [
                    -0.11742809390570555,
                    0.8986064699105178,
                    0.4227493998402132,
                    -3.518064079564117
                ],
                [
                    0.0,
                    0.0,
                    0.0,
                    1.0
                ]
            ]
        },
        {
            "file_path": "images/00000042.png",
            "transform_matrix": [
                [
                    0.556493997514229,
                    0.41380799147227826,
                    -0.7204702471252858,
                    -19.99770692868697
                ],
                [
                    -0.8223288737931739,
                    0.1504351451123555,
                    -0.548766335010857,
                    1.7463131708017243
                ],
                [
                    -0.11869984870294456,
                    0.8978486583914327,
                    0.42400251486427887,
                    -4.0484706565311015
                ],
                [
                    0.0,
                    0.0,
                    0.0,
                    1.0
                ]
            ]
        },
        {
            "file_path": "images/00000049.png",
            "transform_matrix": [
                [
                    0.5667997997427188,
                    0.4382868152822051,
                    -0.6975977742438355,
                    -21.11510834271611
                ],
                [
                    -0.8122088680842433,
                    0.15539722872869752,
                    -0.5622885877454993,
                    1.547618743468657
                ],
                [
                    -0.13803891350754918,
                    0.8853001575284031,
                    0.4440595562607233,
                    -3.5994127979726085
                ],
                [
                    0.0,
                    0.0,
                    0.0,
                    1.0
                ]
            ]
        },
        {
            "file_path": "images/00000050.png",
            "transform_matrix": [
                [
                    0.56811857904405,
                    0.44056256533424687,
                    -0.6950869774637155,
                    -21.991680670424707
                ],
                [
                    -0.810994148856375,
                    0.15629213936163744,
                    -0.5637918567118115,
                    1.7129623548727826
                ],
                [
                    -0.13974895595714276,
                    0.8840121001810226,
                    0.44608613082123166,
                    -3.996865180588114
                ],
                [
                    0.0,
                    0.0,
                    0.0,
                    1.0
                ]
            ]
        },
        {
            "file_path": "images/00000051.png",
            "transform_matrix": [
                [
                    0.5699530368964412,
                    0.445000708557827,
                    -0.6907444572228828,
                    -23.00040011945449
                ],
                [
                    -0.8090300022518849,
                    0.15699493438609619,
                    -0.5664124345681983,
                    1.8122375039879006
                ],
                [
                    -0.14361055397935749,
                    0.8816614770005148,
                    0.44949866387748466,
                    -3.7764256247850456
                ],
                [
                    0.0,
                    0.0,
                    0.0,
                    1.0
                ]
            ]
        },
        {
            "file_path": "images/00000052.png",
            "transform_matrix": [
                [
                    0.5711051810104991,
                    0.45356055089962644,
                    -0.6841941968178206,
                    -23.999967427095317
                ],
                [
                    -0.8068195604282418,
                    0.15656047742453133,
                    -0.5696762359612907,
                    1.9298212761580271
                ],
                [
                    -0.15126489731184348,
                    0.8773663109800953,
                    0.4553540241032753,
                    -3.3076379550135098
                ],
                [
                    0.0,
                    0.0,
                    0.0,
                    1.0
                ]
            ]
        },
        {
            "file_path": "images/00000053.png",
            "transform_matrix": [
                [
                    0.5729070268513973,
                    0.45563629935411526,
                    -0.6813025035648838,
                    -25.00590207839783
                ],
                [
                    -0.8052537104969046,
                    0.1579492256839109,
                    -0.5715054713971284,
                    1.8591931586231125
                ],
                [
                    -0.15278743515315146,
                    0.8760408694138255,
                    0.45739304197224145,
                    -3.107471514345894
                ],
                [
                    0.0,
                    0.0,
                    0.0,
                    1.0
                ]
            ]
        },
        {
            "file_path": "images/00000054.png",
            "transform_matrix": [
                [
                    0.5738476200168908,
                    0.4603909672311135,
                    -0.6773027877999289,
                    -26.000180327229693
                ],
                [
                    -0.8038414993194712,
                    0.15845262971523072,
                    -0.5733512083428272,
                    1.9930699239361542
                ],
                [
                    -0.15664530953141712,
                    0.8734603147796237,
                    0.4610090298199346,
                    -2.823160025178909
                ],
                [
                    0.0,
                    0.0,
                    0.0,
                    1.0
                ]
            ]
        },
        {
            "file_path": "images/00000061.png",
            "transform_matrix": [
                [
                    0.5843599430447948,
                    0.48991323278694593,
                    -0.646922314790237,
                    -27.106594469335366
                ],
                [
                    -0.790722476311577,
                    0.16453962524159688,
                    -0.5896479264620962,
                    1.526519167957875
                ],
                [
                    -0.18243196662260774,
                    0.856102643455906,
                    0.4835357706422993,
                    -1.6453309384425077
                ],
                [
                    0.0,
                    0.0,
                    0.0,
                    1.0
                ]
            ]
        },
        {
            "file_path": "images/00000062.png",
            "transform_matrix": [
                [
                    0.5864162337376914,
                    0.49380071609843873,
                    -0.6420878862415942,
                    -28.111394337413667
                ],
                [
                    -0.7883544405954077,
                    0.165866713172964,
                    -0.5924403003296699,
                    1.5274385564878388
                ],
                [
                    -0.18604643728871342,
                    0.8536094460047041,
                    0.4865569205471674,
                    -1.414505204356812
                ],
                [
                    0.0,
                    0.0,
                    0.0,
                    1.0
                ]
            ]
        },
        {
            "file_path": "images/00000063.png",
            "transform_matrix": [
                [
                    0.5869048377978007,
                    0.49532422266709536,
                    -0.6404659443541107,
                    -28.882709297563274
                ],
                [
                    -0.7877190654194235,
                    0.16643515406079604,
                    -0.5931256304253932,
                    1.880428247563061
                ],
                [
                    -0.1871934437145381,
                    0.8526155370379945,
                    0.48785793085726037,
                    -1.872751735459829
                ],
                [
                    0.0,
                    0.0,
                    0.0,
                    1.0
                ]
            ]
        },
        {
            "file_path": "images/00000064.png",
            "transform_matrix": [
                [
                    0.5893285233443948,
                    0.5022717681995572,
                    -0.6327835036653747,
                    -29.89608779763403
                ],
                [
                    -0.7843737714888079,
                    0.16810580922056456,
                    -0.59707472187888,
                    1.8051760278195923
                ],
                [
                    -0.19351919335962361,
                    0.8482119474769148,
                    0.4930383494490884,
                    -1.4684074074471196
                ],
                [
                    0.0,
                    0.0,
                    0.0,
                    1.0
                ]
            ]
        },
        {
            "file_path": "images/00000065.png",
            "transform_matrix": [
                [
                    0.5912847707670595,
                    0.5069709528982951,
                    -0.6271863940209117,
                    -30.894361490672125
                ],
                [
                    -0.7819110662062358,
                    0.1699518541814435,
                    -0.5997761680865159,
                    1.7957362349237813
                ],
                [
                    -0.19747760487861418,
                    0.8450424961173703,
                    0.4968961414579018,
                    -1.4267156286727396
                ],
                [
                    0.0,
                    0.0,
                    0.0,
                    1.0
                ]
            ]
        },
        {
            "file_path": "images/00000066.png",
            "transform_matrix": [
                [
                    0.5931275122649262,
                    0.5070477396559963,
                    -0.6253817585865232,
                    -31.318679506305838
                ],
                [
                    -0.7804316136315887,
                    0.17125485600049087,
                    -0.6013304172754604,
                    1.9678348944714859
                ],
                [
                    -0.19780356585318448,
                    0.8447333094371193,
                    0.4972920523513302,
                    -2.281256120129225
                ],
                [
                    0.0,
                    0.0,
                    0.0,
                    1.0
                ]
            ]
        },
        {
            "file_path": "images/00000073.png",
            "transform_matrix": [
                [
                    0.6024550313405335,
                    0.5287930808637356,
                    -0.5978509955763617,
                    -32.398909791891214
                ],
                [
                    -0.7674343627353849,
                    0.17797095196042662,
                    -0.6159308720557476,
                    1.402205612281425
                ],
                [
                    -0.21929987261927844,
                    0.8298820506286003,
                    0.5130334764732688,
                    -1.4354653486601952
                ],
                [
                    0.0,
                    0.0,
                    0.0,
                    1.0
                ]
            ]
        },
        {
            "file_path": "images/00000074.png",
            "transform_matrix": [
                [
                    0.6041933051898427,
                    0.5305842888664634,
                    -0.5945004309841655,
                    -33.33993449031229
                ],
                [
                    -0.7654601287280709,
                    0.17916507290666325,
                    -0.6180377561104925,
                    0.9676455057667634
                ],
                [
                    -0.22140741025720093,
                    0.82848065102633,
                    0.5143914556316006,
                    -1.473913754390837
                ],
                [
                    0.0,
                    0.0,
                    0.0,
                    1.0
                ]
            ]
        },
        {
            "file_path": "images/00000075.png",
            "transform_matrix": [
                [
                    0.6052911774030242,
                    0.5318396528325455,
                    -0.5922576924798209,
                    -32.46519808308686
                ],
                [
                    -0.7639247051875823,
                    0.17902301236803933,
                    -0.6199756493983377,
                    0.7227945604229159
                ],
                [
                    -0.22369987793369003,
                    0.827706073908016,
                    0.5146464999364463,
                    -0.9669212535221349
                ],
                [
                    0.0,
                    0.0,
                    0.0,
                    1.0
                ]
            ]
        },
        {
            "file_path": "images/00000076.png",
            "transform_matrix": [
                [
                    0.6061899895308337,
                    0.5349933104647896,
                    -0.5884860698597906,
                    -31.509078223346478
                ],
                [
                    -0.7623080913509122,
                    0.17987537103426854,
                    -0.6217163539399477,
                    0.9150528391253206
                ],
                [
                    -0.22675994019878992,
                    0.8254859227871795,
                    0.516868378670859,
                    -0.8617017742474941
                ],
                [
                    0.0,
                    0.0,
                    0.0,
                    1.0
                ]
            ]
        },
        {
            "file_path": "images/00000077.png",
            "transform_matrix": [
                [
                    0.6063577525758276,
                    0.5346586676907502,
                    -0.5886173502563715,
                    -31.88738757688234
                ],
                [
                    -0.7619876380943507,
                    0.17900118210849766,
                    -0.6223611621842468,
                    1.3522297432248467
                ],
                [
                    -0.22738758828926053,
                    0.8258926600554721,
                    0.5159420498729379,
                    -1.6872711526237347
                ],
                [
                    0.0,
                    0.0,
                    0.0,
                    1.0
                ]
            ]
        },
        {
            "file_path": "images/00000078.png",
            "transform_matrix": [
                [
                    0.6079240625735276,
                    0.5402439848322906,
                    -0.5818631893023364,
                    -32.86351393820391
                ],
                [
                    -0.7589435099534229,
                    0.18004246441876642,
                    -0.6257710920982226,
                    1.2153390511197715
                ],
                [
                    -0.2333089858301609,
                    0.8220225957509538,
                    0.5194668124859939,
                    -1.1529043209669592
                ],
                [
                    0.0,
                    0.0,
                    0.0,
                    1.0
                ]
            ]
        },
        {
            "file_path": "images/00000085.png",
            "transform_matrix": [
                [
                    0.6147430131483191,
                    0.5647396293836929,
                    -0.5505998355041498,
                    -33.89014484571843
                ],
                [
                    -0.7458054466960622,
                    0.18906217545248488,
                    -0.6387720481455357,
                    0.644264791641453
                ],
                [
                    -0.25664228702463454,
                    0.8033210098605258,
                    0.5374105429706475,
                    -0.12253951481671763
                ],
                [
                    0.0,
                    0.0,
                    0.0,
                    1.0
                ]
            ]
        },
        {
            "file_path": "images/00000086.png",
            "transform_matrix": [
                [
                    0.6158565580804971,
                    0.5716563025314514,
                    -0.5421529043669961,
                    -34.889266406697196
                ],
                [
                    -0.7428556884378089,
                    0.19208984601162082,
                    -0.6413009568176621,
                    0.46787897378371734
                ],
                [
                    -0.2624616658680924,
                    0.7976907689712178,
                    0.5429579275748967,
                    0.13035693721075903
                ],
                [
                    0.0,
                    0.0,
                    0.0,
                    1.0
                ]
            ]
        },
        {
            "file_path": "images/00000087.png",
            "transform_matrix": [
                [
                    0.616834321967867,
                    0.5809401856727925,
                    -0.5310592433816589,
                    -35.878502123211774
                ],
                [
                    -0.7386932334418563,
                    0.19433116508084705,
                    -0.6454205645515438,
                    0.28293339958212643
                ],
                [
                    -0.2717493811125962,
                    0.7904074259616826,
                    0.5490067166420747,
                    0.7153016951079929
                ],
                [
                    0.0,
                    0.0,
                    0.0,
                    1.0
                ]
            ]
        },
        {
            "file_path": "images/00000088.png",
            "transform_matrix": [
                [
                    0.6178956838265897,
                    0.5857733268331301,
                    -0.5244754842196838,
                    -36.8716531977223
                ],
                [
                    -0.7360007942279291,
                    0.1962505174823563,
                    -0.6479109238809846,
                    0.141826678369585
                ],
                [
                    -0.2766003521865995,
