{
    "frames": [
        {
            "file_name": "images/00000001.png",
            "transform_matrix": [
                [
                    0.5250383857004993,
                    0.30639472162244,
                    -0.7940132040280387,
                    -4.009087012436809
                ],
                [
                    -0.8500288161360217,
                    0.14246201451424284,
                    -0.5071051036615755,
                    -2.387299582393198
                ],
                [
                    -0.04225760647296412,
                    0.9411837488232818,
                    0.3352423686152482,
                    1.3675979183907485
                ],
                [
                    0.0,
                    0.0,
                    0.0,
                    1.0
                ]
            ]
        },
        {
            "file_name": "images/00000002.png",
            "transform_matrix": [
                [
                    0.5271382654089634,
                    0.3055385314757613,
                    -0.7929511050457115,
                    -4.0120106948273015
                ],
                [
                    -0.8487334672309146,
                    0.14301370737018593,
                    -0.5091154889679794,
                    -1.402062662660104
                ],
                [
                    -0.04215152155496775,
                    0.9413783964774495,
                    0.33470877482489025,
                    1.5387693648379719
                ],
                [
                    0.0,
                    0.0,
                    0.0,
                    1.0
                ]
            ]
        },
        {
            "file_name": "images/00000003.png",
            "transform_matrix": [
                [
                    0.5285374830454621,
                    0.305193070440323,
                    -0.7921523331021161,
                    -3.487795083347398
                ],
                [
                    -0.8478553522638861,
                    0.14328043204073942,
                    -0.5105017330356292,
                    -0.5670736407149686
                ],
                [
                    -0.042301662841298715,
                    0.9414498964979527,
                    0.33448865716715664,
                    1.7060754493865338
                ],
                [
                    0.0,
                    0.0,
                    0.0,
                    1.0
                ]
            ]
        },
        {
            "file_name": "images/00000004.png",
            "transform_matrix": [
                [
                    0.5300337133479613,
                    0.30474528600811795,
                    -0.7913245689591291,
                    -3.109774434033355
                ],
                [
                    -0.8469262175429937,
                    0.1438142324779819,
                    -0.5118920282401037,
                    0.35872344196742345
                ],
                [
                    -0.042192947025479065,
                    0.9415135565987176,
                    0.3343231640655056,
                    1.705687642097221
                ],
                [
                    0.0,
                    0.0,
                    0.0,
                    1.0
                ]
            ]
        },
        {
            "file_name": "images/00000005.png",
            "transform_matrix": [
                [
                    0.5315479758870806,
                    0.304655098356381,
                    -0.7903429764625993,
                    -2.6354911264011975
                ],
                [
                    -0.8459629930061063,
                    0.14416409508198313,
                    -0.5133841915700402,
                    1.237876449120789
                ],
                [
                    -0.04246603137125008,
                    0.9414892377511361,
                    0.33435707177655527,
                    1.7520053938235398
                ],
                [
                    0.0,
                    0.0,
                    0.0,
                    1.0
                ]
            ]
        },
        {
            "file_name": "images/00000006.png",
            "transform_matrix": [
                [
                    0.5319034430096156,
                    0.30505202449166474,
                    -0.7899506248722155,
                    -2.117853396699438
                ],
                [
                    -0.8457301948513017,
                    0.14438298248617526,
                    -0.5137061337825903,
                    0.4325179320922232
                ],
                [
                    -0.04265166886829711,
                    0.9413271571502047,
                    0.334789513609513,
                    1.463130265318499
                ],
                [
                    0.0,
                    0.0,
                    0.0,
                    1.0
                ]
            ]
        },
        {
            "file_name": "images/00000013.png",
            "transform_matrix": [
                [
                    0.5575026589886019,
                    0.2955928381633622,
                    -0.7757677869795304,
                    -2.682833489862696
                ],
                [
                    -0.8289915202456286,
                    0.14833960016635486,
                    -0.5392294709898627,
                    1.1916732938195962
                ],
                [
                    -0.04431528640874074,
                    0.9437267809676138,
                    0.3277436778088147,
                    1.78636490319771
                ],
                [
                    0.0,
                    0.0,
                    0.0,
                    1.0
                ]
            ]
        },
        {
            "file_name": "images/00000014.png",
            "transform_matrix": [
                [
                    0.5607910874347437,
                    0.2943458612130425,
                    -0.7738694142479471,
                    -3.091706496954625
                ],
                [
                    -0.8267858409892261,
                    0.14938028978573067,
                    -0.5423197416321383,
                    2.0898445273707402
                ],
                [
                    -0.04402873404687477,
                    0.9439523521220449,
                    0.32713212555498056,
                    1.9479548141188932
                ],
                [
                    0.0,
                    0.0,
                    0.0,
                    1.0
                ]
            ]
        },
        {
            "file_name": "images/00000015.png",
            "transform_matrix": [
                [
                    0.5630941426096276,
                    0.2923484078084733,
                    -0.7729536823630052,
                    -3.544048688542369
                ],
                [
                    -0.8252297893789914,
                    0.1493180636980167,
                    -0.5447016711702477,
                    2.845750540445682
                ],
                [
                    -0.043826719118541066,
                    0.9445827250017806,
                    0.32533474205523444,
                    2.4212334224893315
                ],
                [
                    0.0,
                    0.0,
                    0.0,
                    1.0
                ]
            ]
        },
        {
            "file_name": "images/00000016.png",
            "transform_matrix": [
                [
                    0.5635509602222192,
                    0.2927331656832013,
                    -0.7724749892453844,
                    -3.8275496841798677
                ],
                [
                    -0.8249046355775622,
                    0.14952481332449977,
                    -0.5451372968377809,
                    3.804021328374466
                ],
                [
                    -0.04407558807054616,
                    0.9444308465821216,
                    0.32574179748543697,
                    2.4578978805484564
                ],
                [
                    0.0,
                    0.0,
                    0.0,
                    1.0
                ]
            ]
        },
        {
            "file_name": "images/00000017.png",
            "transform_matrix": [
                [
                    0.5676382604188754,
                    0.2914739926956293,
                    -0.7699543603088773,
                    -4.385660568449199
                ],
                [
                    -0.8220851343466352,
                    0.1503473671337332,
                    -0.5491554434610555,
                    4.612440638086092
                ],
                [
                    -0.04430391883055514,
                    0.9446896743610907,
                    0.3249593543820866,
                    2.644901785790116
                ],
                [
                    0.0,
                    0.0,
                    0.0,
                    1.0
                ]
            ]
        },
        {
            "file_name": "images/00000018.png",
            "transform_matrix": [
                [
                    0.5671231804403465,
                    0.2911318661602306,
                    -0.7704631949556313,
                    -4.331304555282633
                ],
                [
                    -0.8224879997778738,
                    0.1508761344239982,
                    -0.5484066760018002,
                    5.5975691721573515
                ],
                [
                    -0.04341415042826391,
                    0.9447108703903869,
                    0.3250178194768106,
                    2.8078962494789215
                ],
                [
                    0.0,
                    0.0,
                    0.0,
                    1.0
                ]
            ]
        },
        {
            "file_name": "images/00000025.png",
            "transform_matrix": [
                [
                    0.5858013489470941,
                    0.28712082504832886,
                    -0.757890764862116,
                    -4.877528457895051
                ],
                [
                    -0.8093056474641553,
                    0.15746011456162368,
                    -0.5658892836107998,
                    6.416881588455476
                ],
                [
                    -0.04314103133595509,
                    0.9448639818577501,
                    0.3246088527317431,
                    2.982156436393463
                ],
                [
                    0.0,
                    0.0,
                    0.0,
                    1.0
                ]
            ]
        },
        {
            "file_name": "images/00000026.png",
            "transform_matrix": [
                [
                    0.5879353008951306,
                    0.28597452498930326,
                    -0.7566707692824179,
                    -4.513337839357728
                ],
                [
                    -0.8077978409636248,
                    0.158578358237182,
                    -0.5677284143267673,
                    5.522599742831279
                ],
                [
                    -0.04236425529115577,
                    0.945024589850546,
                    0.32424341862259043,
                    2.7221080294092856
                ],
                [
                    0.0,
                    0.0,
                    0.0,
                    1.0
                ]
            ]
        },
        {
            "file_name": "images/00000027.png",
            "transform_matrix": [
                [
                    0.5901131344790079,
                    0.2860473845201656,
                    -0.7549459466693524,
                    -4.749833804044248
                ],
                [
                    -0.8061866484086899,
                    0.1592485157310179,
                    -0.569827165170028,
                    6.484409509275072
                ],
                [
                    -0.042773548761183756,
                    0.9448898370248637,
                    0.324582222991544,
                    2.8599181591862917
                ],
                [
                    0.0,
                    0.0,
                    0.0,
                    1.0
                ]
            ]
        },
        {
            "file_name": "images/00000028.png",
            "transform_matrix": [
                [
                    0.5944071068375937,
                    0.28489893841268044,
                    -0.7520058419322558,
                    -5.1276491517497105
                ],
                [
                    -0.8030009663333146,
                    0.15999985618930967,
                    -0.5740988539335732,
                    7.38084429051847
                ],
                [
                    -0.043239327466929246,
                    0.9451098565653333,
                    0.32387917446463577,
                    3.091564972317483
                ],
                [
                    0.0,
                    0.0,
                    0.0,
                    1.0
                ]
            ]
        },
        {
            "file_name": "images/00000029.png",
            "transform_matrix": [
                [
                    0.5955627374940754,
                    0.2842115215831258,
                    -0.7513513404366289,
                    -5.30084149088844
                ],
                [
                    -0.8022001552233026,
                    0.1612974580856273,
                    -0.5748547999064666,
                    8.351695501049514
                ],
                [
                    -0.0421892960291227,
                    0.9450962602194048,
                    0.32405728241854614,
                    3.2572524512678
                ],
                [
                    0.0,
                    0.0,
                    0.0,
                    1.0
                ]
            ]
        },
        {
            "file_name": "images/00000030.png",
            "transform_matrix": [
                [
                    0.6023447544451902,
                    0.28124151965183947,
                    -0.7470502021177955,
                    -5.984659435626376
                ],
                [
                    -0.7971611410065429,
                    0.1633854965863332,
                    -0.5812394470225358,
                    9.051971527597564
                ],
                [
                    -0.04141149711427557,
                    0.9456259235000383,
                    0.3226092075252742,
                    3.462207336884038
                ],
                [
                    0.0,
                    0.0,
                    0.0,
                    1.0
                ]
            ]
        },
        {
            "file_name": "images/00000037.png",
            "transform_matrix": [
                [
                    0.6205412846324807,
                    0.2747384330933625,
                    -0.7344707669581045,
                    -6.111263081555563
                ],
                [
                    -0.7832011408443251,
                    0.17050449589114167,
                    -0.5979332653914934,
                    10.032965289538485
                ],
                [
                    -0.0390446805610843,
                    0.9462806192289257,
                    0.3209805331484061,
                    3.60925411813188
                ],
                [
                    0.0,
                    0.0,
                    0.0,
                    1.0
                ]
            ]
        },
        {
            "file_name": "images/00000038.png",
            "transform_matrix": [
                [
                    0.6224211465573003,
                    0.27404572007043376,
                    -0.7331376812695719,
                    -6.099963335639733
                ],
                [
                    -0.7817447473340153,
                    0.17183182608712072,
                    -0.5994572324694403,
                    11.0323653205081
                ],
                [
                    -0.038302302377688766,
                    0.9462413893508235,
                    0.3211855644026096,
                    3.641993908002528
                ],
                [
                    0.0,
                    0.0,
                    0.0,
                    1.0
                ]
            ]
        },
        {
            "file_name": "images/00000039.png",
            "transform_matrix": [
                [
                    0.6243222088798449,
                    0.2732820989287053,
                    -0.7318050792201869,
                    -6.107879045343198
                ],
                [
                    -0.7802451753381019,
                    0.1726578790001463,
                    -0.6011711263704073,
                    12.02266845368914
                ],
                [
                    -0.03793739441014695,
                    0.9463118678798261,
                    0.32102118759327214,
                    3.7806915862592443
                ],
                [
                    0.0,
                    0.0,
                    0.0,
                    1.0
                ]
            ]
        },
        {
            "file_name": "images/00000040.png",
            "transform_matrix": [
                [
                    0.628531436757002,
                    0.2717271308708869,
                    -0.7287747247433911,
                    -6.410570600519883
                ],
                [
                    -0.7768641985390605,
                    0.17376465268593227,
                    -0.605217202751111,
                    12.957928263423728
                ],
                [
                    -0.03781864712594159,
                    0.9465570304485095,
                    0.3203116265556007,
                    3.964177037270833
                ],
                [
                    0.0,
                    0.0,
                    0.0,
                    1.0
                ]
            ]
        },
        {
            "file_name": "images/00000041.png",
            "transform_matrix": [
                [
                    0.6320619267273749,
                    0.2701103291634516,
                    -0.7263182022563125,
                    -6.699384562781125
                ],
                [
                    -0.7740306872330074,
                    0.17522563517162884,
                    -0.6084180076238501,
                    13.901186565421282
                ],
                [
                    -0.03707041998117289,
                    0.9467504353966589,
                    0.31982713628972803,
                    4.128037560056144
                ],
                [
                    0.0,
                    0.0,
                    0.0,
                    1.0
                ]
            ]
        },
        {
            "file_name": "images/00000042.png",
            "transform_matrix": [
                [
                    0.6339893948739155,
                    0.26868354857258103,
                    -0.7251666001559942,
                    -6.691937298291885
                ],
                [
                    -0.7725118028399319,
                    0.17660052725818684,
                    -0.6099489882324641,
                    14.892896360476161
                ],
                [
                    -0.03581845466897974,
                    0.9469009475992695,
                    0.31952407391206716,
                    4.256319361748889
                ],
                [
                    0.0,
                    0.0,
                    0.0,
                    1.0
                ]
            ]
        },
        {
            "file_name": "images/00000049.png",
            "transform_matrix": [
                [
                    0.660331282005577,
                    0.25546423859000855,
                    -0.706187383683998,
                    -7.152686434075292
                ],
                [
                    -0.7504139136876934,
                    0.18813639431349738,
                    -0.6336273788902382,
                    15.77301081886972
                ],
                [
                    -0.029009587821988973,
                    0.9483368178036075,
                    0.3159362655365133,
                    4.370812916252299
                ],
                [
                    0.0,
                    0.0,
                    0.0,
                    1.0
                ]
            ]
        },
        {
            "file_name": "images/00000050.png",
            "transform_matrix": [
                [
                    0.6629524082318036,
                    0.25402286811622027,
                    -0.7042488814060085,
                    -7.344045798873913
                ],
                [
                    -0.748140701567544,
                    0.1897026081265178,
                    -0.6358446438625543,
                    16.751341118670318
                ],
                [
                    -0.02792123053740107,
                    0.9484119901232236,
                    0.315808647671997,
                    4.449878825480338
                ],
                [
                    0.0,
                    0.0,
                    0.0,
                    1.0
                ]
            ]
        },
        {
            "file_name": "images/00000051.png",
            "transform_matrix": [
                [
                    0.6677081453813658,
                    0.2512800647945045,
                    -0.7007311622128701,
                    -8.01946011837882
                ],
                [
                    -0.7439474002598294,
                    0.19159293117300272,
                    -0.6401831100332592,
                    17.456312065530856
                ],
                [
                    -0.026610116036878018,
                    0.9487626035140967,
                    0.3148673116826978,
                    4.666284604357213
                ],
                [
                    0.0,
                    0.0,
                    0.0,
                    1.0
                ]
            ]
        },
        {
            "file_name": "images/00000052.png",
            "transform_matrix": [
                [
                    0.6757339214921011,
                    0.24753289195971123,
                    -0.6943422317639355,
                    -8.770312872704366
                ],
                [
                    -0.7366616720307766,
                    0.19263576540650465,
                    -0.6482445856679007,
                    18.057597074585015
                ],
                [
                    -0.026706709717696075,
                    0.9495361653721951,
                    0.31251851525142266,
                    4.939554579397105
                ],
                [
                    0.0,
                    0.0,
                    0.0,
                    1.0
                ]
            ]
        },
        {
            "file_name": "images/00000053.png",
            "transform_matrix": [
                [
                    0.6784054533871322,
                    0.24575370079431205,
                    -0.6923663477007337,
                    -9.532438126169602
                ],
                [
                    -0.7342633830568294,
                    0.19477127146935522,
                    -0.6503241008242185,
                    18.70182769285245
                ],
                [
                    -0.024966480629021674,
                    0.9495626732456752,
                    0.3125818364719219,
                    5.003835280731382
                ],
                [
                    0.0,
                    0.0,
                    0.0,
                    1.0
                ]
            ]
        },
        {
            "file_name": "images/00000054.png",
            "transform_matrix": [
                [
                    0.6830063461118551,
                    0.2437600487752584,
                    -0.6885371230804992,
                    -10.240253645627657
                ],
                [
                    -0.72999757973235,
                    0.1960425834775434,
                    -0.6547295923120016,
                    19.363687244117827
                ],
                [
                    -0.02461432092768439,
                    0.9498148999409645,
                    0.31184257426470224,
                    5.250693792551445
                ],
                [
                    0.0,
                    0.0,
                    0.0,
                    1.0
                ]
            ]
        },
        {
            "file_name": "images/00000061.png",
            "transform_matrix": [
                [
                    0.713760886044076,
                    0.22574300168578806,
                    -0.66301243940926,
                    -11.013053926622282
                ],
                [
                    -0.7002030261956939,
                    0.2081510316868094,
                    -0.6829266945396033,
                    19.97966936567518
                ],
                [
                    -0.01615919867250095,
                    0.9516896790774932,
                    0.3066359977306526,
                    5.403486958842534
                ],
                [
                    0.0,
                    0.0,
                    0.0,
                    1.0
                ]
            ]
        },
        {
            "file_name": "images/00000062.png",
            "transform_matrix": [
                [
                    0.7181186283939915,
                    0.22256081514751896,
                    -0.6593726709398531,
                    -11.754103711167764
                ],
                [
                    -0.6957773392930274,
                    0.2103809755319184,
                    -0.6867559532040715,
                    20.636048440445702
                ],
                [
                    -0.014125499001099929,
                    0.9519488057453851,
                    0.30593126938339715,
                    5.544949770471907
                ],
                [
                    0.0,
                    0.0,
                    0.0,
                    1.0
                ]
            ]
        },
        {
            "file_name": "images/00000063.png",
            "transform_matrix": [
                [
                    0.7196780380958085,
                    0.22179618355036113,
                    -0.6579285481821063,
                    -11.880234611862537
                ],
                [
                    -0.6941728436644617,
                    0.2111631613728461,
                    -0.6881382000721216,
                    21.603632433133665
                ],
                [
                    -0.013696154339634206,
                    0.9519540809862903,
                    0.30593437714399574,
                    5.763746966501953
                ],
                [
                    0.0,
                    0.0,
                    0.0,
                    1.0
                ]
            ]
        },
        {
            "file_name": "images/00000064.png",
            "transform_matrix": [
                [
                    0.7268779453459157,
                    0.21719713818450312,
                    -0.6515165813715825,
                    -12.663652169615636
                ],
                [
                    -0.6866712259154206,
                    0.21403557505032478,
                    -0.694745565018856,
                    22.211848716245186
                ],
                [
                    -0.011449022339786102,
                    0.9523729184737428,
                    0.3047207641659835,
                    5.8915353979491645
                ],
                [
                    0.0,
                    0.0,
                    0.0,
                    1.0
                ]
            ]
        },
        {
            "file_name": "images/00000065.png",
            "transform_matrix": [
                [
                    0.7318925178225232,
                    0.21404998073271908,
                    -0.6469280857805458,
                    -13.256153428553544
                ],
                [
                    -0.6813539338735025,
                    0.21665310236979587,
                    -0.699155383322853,
                    23.014114629239195
                ],
                [
                    -0.009495219534927815,
                    0.9524935900291651,
                    0.3044105810052745,
                    5.964416554882944
                ],
                [
                    0.0,
                    0.0,
                    0.0,
                    1.0
                ]
            ]
        },
        {
            "file_name": "images/00000066.png",
            "transform_matrix": [
                [
                    0.73281411213749,
                    0.21223484702464884,
                    -0.646482673262414,
                    -12.94467760396696
                ],
                [
                    -0.6803898791976993,
                    0.21838730853713315,
                    -0.6995545695340194,
                    23.96406782336977
                ],
                [
                    -0.007286246020780424,
                    0.9525037287292174,
                    0.30443974353637665,
                    5.940505476646235
                ],
                [
                    0.0,
                    0.0,
                    0.0,
                    1.0
                ]
            ]
        },
        {
            "file_name": "images/00000073.png",
            "transform_matrix": [
                [
                    0.7561031373735067,
                    0.19437025094395372,
                    -0.6249225962228242,
                    -13.589400774119158
                ],
                [
                    -0.6544463543386476,
                    0.22868874417267143,
                    -0.7206951002901708,
                    24.727860971914264
                ],
                [
                    0.002831076237841384,
                    0.953898141260984,
                    0.3001171790731228,
                    5.971360948459152
                ],
                [
                    0.0,
                    0.0,
                    0.0,
                    1.0
                ]
            ]
        },
        {
            "file_name": "images/00000074.png",
            "transform_matrix": [
                [
                    0.7584591991733788,
                    0.19170911447021186,
                    -0.6228862325387156,
                    -14.278362356642441
                ],
                [
                    -0.65170193620712,
                    0.23031953393334878,
                    -0.722660015936468,
                    25.355850612332645
                ],
                [
                    0.004922355053602721,
                    0.9540443007440348,
                    0.29962517034986286,
                    5.609475677438624
                ],
                [
                    0.0,
                    0.0,
                    0.0,
                    1.0
                ]
            ]
        },
        {
            "file_name": "images/00000075.png",
            "transform_matrix": [
                [
                    0.7600536909637944,
                    0.1892820171116044,
                    -0.6216837660084308,
                    -13.9203681347839
                ],
                [
                    -0.6498302173665312,
                    0.2305693272775436,
                    -0.7242640912794365,
                    24.422803041112342
                ],
                [
                    0.00625103958905421,
                    0.9544684926079774,
                    0.29824624254354537,
                    5.573945873474575
                ],
                [
                    0.0,
                    0.0,
                    0.0,
                    1.0
                ]
            ]
        },
        {
            "file_name": "images/00000076.png",
            "transform_matrix": [
                [
                    0.7632140111577231,
                    0.1870615930806963,
                    -0.6184758149148605,
                    -13.115380746112265
                ],
                [
                    -0.6461044935260736,
                    0.23175987534279066,
                    -0.7272113472898991,
                    23.88685571261277
                ],
                [
                    0.00730456463678621,
                    0.9546178924782285,
                    0.2977437199413688,
                    5.828417414532379
                ],
                [
                    0.0,
                    0.0,
                    0.0,
                    1.0
                ]
            ]
        },
        {
            "file_name": "images/00000077.png",
            "transform_matrix": [
                [
                    0.7629973672880627,
                    0.18628286549553869,
                    -0.6189779572829766,
                    -12.818284411801477
                ],
                [
                    -0.6463578522745751,
                    0.23100855455180133,
                    -0.7272252570748392,
                    24.82565898211378
                ],
                [
                    0.00751959846273149,
                    0.9549522196482163,
                    0.2966643118012948,
                    6.0027222891578385
                ],
                [
                    0.0,
                    0.0,
                    0.0,
                    1.0
                ]
            ]
        },
        {
            "file_name": "images/00000078.png",
            "transform_matrix": [
                [
                    0.768575993183632,
                    0.18191950520723174,
                    -0.6133483809344409,
                    -13.726041242498916
                ],
                [
                    -0.639688914732346,
                    0.23266603327316251,
                    -0.7325739616790683,
                    25.2377469322542
                ],
                [
                    0.009435842170170454,
                    0.9553909203307527,
                    0.29519341845767555,
                    6.081214694732082
                ],
                [
                    0.0,
                    0.0,
                    0.0,
                    1.0
                ]
            ]
        },
        {
            "file_name": "images/00000085.png",
            "transform_matrix": [
                [
                    0.792968594374318,
                    0.164347623288483,
                    -0.5866776518015615,
                    -14.397216061842554
                ],
                [
                    -0.6089757784431951,
                    0.24334039778544628,
                    -0.75493970095353,
                    25.97736638567511
                ],
                [
                    0.018689827583387945,
                    0.9559159532035718,
                    0.2930450150138063,
                    6.131088796611665
                ],
                [
                    0.0,
                    0.0,
                    0.0,
                    1.0
                ]
            ]
        },
        {
            "file_name": "images/00000086.png",
            "transform_matrix": [
                [
                    0.7994848611647642,
                    0.16060258192317609,
                    -0.5788184236147945,
                    -15.142632278546783
                ],
                [
                    -0.6003359039547083,
                    0.246534889493074,
                    -0.7608004670649199,
                    26.641994172977974
                ],
                [
                    0.020512416763439397,
                    0.9557339373519141,
                    0.29351640809495144,
                    6.079858256264766
                ],
                [
                    0.0,
                    0.0,
                    0.0,
                    1.0
                ]
            ]
        },
        {
            "file_name": "images/00000087.png",
            "transform_matrix": [
                [
                    0.8079958961080475,
                    0.15481821856976918,
                    -0.5684839057874773,
                    -16.003487825992334
                ],
                [
                    -0.5887600231811748,
                    0.2489330293020124,
                    -0.7690214444519116,
                    27.14906971980284
                ],
                [
                    0.022455890705115854,
                    0.9560667686857892,
                    0.29228764403577656,
                    6.122309596656805
                ],
                [
                    0.0,
                    0.0,
                    0.0,
                    1.0
                ]
            ]
        },
        {
            "file_name": "images/00000088.png",
            "transform_matrix": [
                [
                    0.8126641324958006,
                    0.15116149369704035,
                    -0.5627852260374965,
                    -16.841870701073475
                ],
                [
                    -0.5822260973325388,
                    0.2508713881924754,
                    -0.7733539410722489,
                    27.694151292383847
                ],
                [
                    0.024285374021263722,
                    0.9561452554259123,
