{
  "camera_angle_x": 0.6081224439953092,
  "camera_angle_y": 1.0447289435153826,
  "fl_x": 1720.8867772995868,
  "fl_y": 1667.5186590934302,
  "k1": 0.057610693396404615,
  "k2": -0.09615541109369596,
  "k3": 0,
  "k4": 0,
  "p1": 0.004072351983926082,
  "p2": -0.0009422885405510375,
  "is_fisheye": false,
  "cx": 534.2755208828125,
  "cy": 896.3544631288387,
  "w": 1080.0,
  "h": 1920.0,
  "aabb_scale": 16,
  "frames": [
    {
      "file_path": "./data/nerf/demo_infer/images/00000126.png",
      "sharpness": 226.95510995361067,
      "transform_matrix": [
        [
          -0.9019566376591341,
          0.2959598856524537,
          0.3144550363532282,
          1.2227724231719987
        ],
        [
          0.2443272961865119,
          -0.25066873765189834,
          0.936733343222556,
          3.8363705068233576
        ],
        [
          0.35605954015793356,
          0.9217228054406318,
          0.15378125313763266,
          0.6623281575457984
        ],
        [
          0.0,
          0.0,
          0.0,
          1.0
        ]
      ]
    },
    {
      "file_path": "./data/nerf/demo_infer/images/00000120.png",
      "sharpness": 100.46351364847308,
      "transform_matrix": [
        [
          -0.8992141067263242,
          0.25392341925225625,
          0.35628203356374205,
          1.3619180930493973
        ],
        [
          0.2990873457190273,
          -0.23757089543750876,
          0.9241790028314223,
          3.7851617729478124
        ],
        [
          0.3193129341421302,
          0.9375942442322395,
          0.13768181904495552,
          0.6175901777605416
        ],
        [
          0.0,
          0.0,
          0.0,
          1.0
        ]
      ]
    },
    {
      "file_path": "./data/nerf/demo_infer/images/00000137.png",
      "sharpness": 105.70852652634193,
      "transform_matrix": [
        [
          -0.9017265788121128,
          0.3473236810757867,
          0.2574013163300875,
          1.0965646110646055
        ],
        [
          0.1751455578937042,
          -0.2508481996269111,
          0.9520500061954495,
          3.9680774868042463
        ],
        [
          0.3952381695030285,
          0.9035714920958805,
          0.16536428895903874,
          0.749581763015726
        ],
        [
          0.0,
          0.0,
          0.0,
          1.0
        ]
      ]
    },
    {
      "file_path": "./data/nerf/demo_infer/images/00000131.png",
      "sharpness": 173.8538773123951,
      "transform_matrix": [
        [
          -0.9024957748470267,
          0.3241531916373938,
          0.28359493076437375,
          1.1684906581017829
        ],
        [
          0.20557266531975174,
          -0.2544087475646428,
          0.9449952742943418,
          3.894551322127053
        ],
        [
          0.3784722653962114,
          0.9111536080894532,
          0.16296578418441057,
          0.7038091673610918
        ],
        [
          0.0,
          0.0,
          0.0,
          1.0
        ]
      ]
    },
    {
      "file_path": "./data/nerf/demo_infer/images/00000107.png",
      "sharpness": 143.7760367901047,
      "transform_matrix": [
        [
          -0.8771410861337934,
          0.14464607509875507,
          0.4579312481096354,
          1.8039739621594237
        ],
        [
          0.42944704567370295,
          -0.19053199631022513,
          0.8827642909332499,
          3.518491307889943
        ],
        [
          0.21493894479599215,
          0.9709660505716734,
          0.10500561256733383,
          0.5146459993602965
        ],
        [
          0.0,
          0.0,
          0.0,
          1.0
        ]
      ]
    },
    {
      "file_path": "./data/nerf/demo_infer/images/00000124.png",
      "sharpness": 69.23577353394693,
      "transform_matrix": [
        [
          -0.9013771534421943,
          0.2827008533530228,
          0.32802355827991037,
          1.2567471969806596
        ],
        [
          0.26190532069293726,
          -0.2473440212104656,
          0.9328593346088578,
          3.8210799471179144
        ],
        [
          0.3448547959089757,
          0.9267692068178501,
          0.14890939210204482,
          0.6462513095083943
        ],
        [
          0.0,
          0.0,
          0.0,
          1.0
        ]
      ]
    },
    {
      "file_path": "./data/nerf/demo_infer/images/00000129.png",
      "sharpness": 127.90128374932034,
      "transform_matrix": [
        [
          -0.9024620868194912,
          0.31368087298053005,
          0.2952397192118227,
          1.1933210600738653
        ],
        [
          0.21982941742446943,
          -0.2540534849877626,
          0.9418767721963982,
          3.872378151525327
        ],
        [
          0.370455407715222,
          0.9149104528380669,
          0.16031735466131145,
          0.6892711389096992
        ],
        [
          0.0,
          0.0,
          0.0,
          1.0
        ]
      ]
    },
    {
      "file_path": "./data/nerf/demo_infer/images/00000123.png",
      "sharpness": 80.50199218473692,
      "transform_matrix": [
        [
          -0.9009277736487319,
          0.27596355454795807,
          0.33492277206885934,
          1.2770870046677827
        ],
        [
          0.27096152867315654,
          -0.24513231338877087,
          0.9308544456113913,
          3.8170200571363764
        ],
        [
          0.338982295501508,
          0.9293838095829249,
          0.1460710027523158,
          0.6389024755628202
        ],
        [
          0.0,
          0.0,
          0.0,
          1.0
        ]
      ]
    },
    {
      "file_path": "./data/nerf/demo_infer/images/00000104.png",
      "sharpness": 82.41948250043073,
      "transform_matrix": [
        [
          -0.8663153132547594,
          0.11828202094429698,
          0.4852907804217333,
          1.8810541069742333
        ],
        [
          0.46255364015120465,
          -0.17672338229735143,
          0.8687997330426436,
          3.460259261074482
        ],
        [
          0.1885256163339997,
          0.9771275299023808,
          0.09838639294214498,
          0.4916323352200529
        ],
        [
          0.0,
          0.0,
          0.0,
          1.0
        ]
      ]
    },
    {
      "file_path": "./data/nerf/demo_infer/images/00000148.png",
      "sharpness": 28.417871054491574,
      "transform_matrix": [
        [
          -0.9013825161004533,
          0.3605997404510836,
          0.23974441990528483,
          1.0684751376349853
        ],
        [
          0.1630072321617615,
          -0.23036118303836844,
          0.9593551832428069,
          4.046522134268113
        ],
        [
          0.4011710382739867,
          0.9038260632204003,
          0.14886317716982087,
          0.7954547757340088
        ],
        [
          0.0,
          0.0,
          0.0,
          1.0
        ]
      ]
    },
    {
      "file_path": "./data/nerf/demo_infer/images/00000121.png",
      "sharpness": 137.22426014444673,
      "transform_matrix": [
        [
          -0.9000163820339122,
          0.2613273162288644,
          0.3488245201873006,
          1.3292768615683206
        ],
        [
          0.28935073345314044,
          -0.24028010108750422,
          0.9265752133929674,
          3.8004308642455764
        ],
        [
          0.3259550047725764,
          0.9348655020028739,
          0.14064077663335559,
          0.6269229116529577
        ],
        [
          0.0,
          0.0,
          0.0,
          1.0
        ]
      ]
    },
    {
      "file_path": "./data/nerf/demo_infer/images/00000106.png",
      "sharpness": 132.01097800483032,
      "transform_matrix": [
        [
          -0.8738997282476252,
          0.1360979379133823,
          0.4666654222086161,
          1.8298902039701355
        ],
        [
          0.4401221530000297,
          -0.18604793421675667,
          0.8784524213723875,
          3.499056894820288
        ],
        [
          0.20637770087610305,
          0.9730691226689218,
          0.10268752169975358,
          0.5081513441763197
        ],
        [
          0.0,
          0.0,
          0.0,
          1.0
        ]
      ]
    },
    {
      "file_path": "./data/nerf/demo_infer/images/00000109.png",
      "sharpness": 158.71444396043108,
      "transform_matrix": [
        [
          -0.8830055430767905,
          0.16184985447149583,
          0.44057443811904484,
          1.742926116606119
        ],
        [
          0.40804124476429865,
          -0.19917692184413271,
          0.8909718830460436,
          3.550217602133575
        ],
        [
          0.23195593003695636,
          0.966505653596649,
          0.10983290995787211,
          0.5260409683166459
        ],
        [
          0.0,
          0.0,
          0.0,
          1.0
        ]
      ]
    },
    {
      "file_path": "./data/nerf/demo_infer/images/00000103.png",
      "sharpness": 113.3709582274868,
      "transform_matrix": [
        [
          -0.8621786315730213,
          0.10965045022930892,
          0.4945955782698386,
          1.9119774433999297
        ],
        [
          0.4735917562705203,
          -0.17221295268209513,
          0.8637439130458944,
          3.4421576181581703
        ],
        [
          0.1798856738656647,
          0.9789379335358824,
          0.09654877858264652,
          0.48082710166384357
        ],
        [
          0.0,
          0.0,
          0.0,
          1.0
        ]
      ]
    },
    {
      "file_path": "./data/nerf/demo_infer/images/00000112.png",
      "sharpness": 95.5219810953069,
      "transform_matrix": [
        [
          -0.8899098404923743,
          0.18785291394349715,
          0.41565822322969614,
          1.6411478870571683
        ],
        [
          0.376709512590629,
          -0.21114440349754615,
          0.9019467744817935,
          3.6059531371984224
        ],
        [
          0.25719723741102724,
          0.9592337168888501,
          0.11713350278697461,
          0.5425671333784965
        ],
        [
          0.0,
          0.0,
          0.0,
          1.0
        ]
      ]
    },
    {
      "file_path": "./data/nerf/demo_infer/images/00000105.png",
      "sharpness": 92.42733539797727,
      "transform_matrix": [
        [
          -0.870052956547678,
          0.12717365893473956,
          0.4762716801327673,
          1.8578810870409412
        ],
        [
          0.4515081527317941,
          -0.18220116963107286,
          0.8734661537830223,
          3.4768401642713918
        ],
        [
          0.1978591439145873,
          0.9750023560384612,
          0.10110472250219239,
          0.5021396312238611
        ],
        [
          0.0,
          0.0,
          0.0,
          1.0
        ]
      ]
    },
    {
      "file_path": "./data/nerf/demo_infer/images/00000116.png",
      "sharpness": 40.17898618940189,
      "transform_matrix": [
        [
          -0.8956672309968412,
          0.22169929609924077,
          0.3855251398394746,
          1.5039458742225604
        ],
        [
          0.3375468656963583,
          -0.22552614473284593,
          0.9138928118238039,
          3.7053986674244195
        ],
        [
          0.28955539157708127,
          0.9486766467941085,
          0.1271624750448735,
          0.5776072684907985
        ],
        [
          0.0,
          0.0,
          0.0,
          1.0
        ]
      ]
    },
    {
      "file_path": "./data/nerf/demo_infer/images/00000102.png",
      "sharpness": 132.84310756385685,
      "transform_matrix": [
        [
          -0.8574029186421658,
          0.10123732865565196,
          0.5045901687619938,
          1.9472039974489548
        ],
        [
          0.4852885515600196,
          -0.16737020080302506,
          0.8581854331149231,
          3.415732185649902
        ],
        [
          0.17133375860867578,
          0.9806825272188601,
          0.09437438207513198,
          0.4682222866668719
        ],
        [
          0.0,
          0.0,
          0.0,
          1.0
        ]
      ]
    },
    {
      "file_path": "./data/nerf/demo_infer/images/00000101.png",
      "sharpness": 145.27304971222216,
      "transform_matrix": [
        [
          -0.8524520161886464,
          0.09237211276088682,
          0.5145803658328754,
          1.982983860053201
        ],
        [
          0.4968659032816007,
          -0.16304248912492122,
          0.852373991214434,
          3.3888525211267435
        ],
        [
          0.16263405013111149,
          0.9822853656380361,
          0.09308934533398668,
          0.4597596437248611
        ],
        [
          0.0,
          0.0,
          0.0,
          1.0
        ]
      ]
    },
    {
      "file_path": "./data/nerf/demo_infer/images/00000113.png",
      "sharpness": 70.65442561047416,
      "transform_matrix": [
        [
          -0.8914954176944073,
          0.1966662950605301,
          0.40811553344332874,
          1.606352715421522
        ],
        [
          0.3669689054668894,
          -0.21475850310120181,
          0.9051036447661004,
          3.62819145732315
        ],
        [
          0.265649661516569,
          0.956661462459219,
          0.11928580638504047,
          0.5485845368946111
        ],
        [
          0.0,
          0.0,
          0.0,
          1.0
        ]
      ]
    },
    {
      "file_path": "./data/nerf/demo_infer/images/00000110.png",
      "sharpness": 97.05468652001316,
      "transform_matrix": [
        [
          -0.8853835380578142,
          0.17066821107698013,
          0.4323983722040409,
          1.711385992604231
        ],
        [
          0.397801016869487,
          -0.20310618160839,
          0.8947079020399767,
          3.5671332863353187
        ],
        [
          0.24052097938964703,
          0.9641681599919173,
          0.11193488176013029,
          0.5303972219824377
        ],
        [
          0.0,
          0.0,
          0.0,
          1.0
        ]
      ]
    },
    {
      "file_path": "./data/nerf/demo_infer/images/00000111.png",
      "sharpness": 75.23220387482822,
      "transform_matrix": [
        [
          -0.8876973570904962,
          0.17938206727316514,
          0.42404654953913723,
          1.6766233972450588
        ],
        [
          0.38731624969945705,
          -0.20705470155932398,
          0.8983954993674232,
          3.5854024500244837
        ],
        [
          0.24895687366752317,
          0.9617434296759517,
          0.11432432178779524,
          0.5354643113191511
        ],
        [
          0.0,
          0.0,
          0.0,
          1.0
        ]
      ]
    },
    {
      "file_path": "./data/nerf/demo_infer/images/00000115.png",
      "sharpness": 37.009335918075685,
      "transform_matrix": [
        [
          -0.8945216666471718,
          0.21328689524274566,
          0.3928609018942589,
          1.5367577271205755
        ],
        [
          0.347097510993609,
          -0.22241726440139553,
          0.9110729270266765,
          3.6793210164200385
        ],
        [
          0.2816989630348266,
          0.9513355143352216,
          0.12492571157712917,
          0.5684506561584801
        ],
        [
          0.0,
          0.0,
          0.0,
          1.0
        ]
      ]
    },
    {
      "file_path": "./data/nerf/demo_infer/images/00000119.png",
      "sharpness": 49.00200520192466,
      "transform_matrix": [
        [
          -0.8983393646396935,
          0.24617416063531491,
          0.36384704010743835,
          1.3974113715825118
        ],
        [
          0.30897277907066123,
          -0.234707988815888,
          0.9216550231958095,
          3.7676835311073296
        ],
        [
          0.31228545875078073,
          0.9403778190933351,
          0.13478631100184454,
          0.6069855247692909
        ],
        [
          0.0,
          0.0,
          0.0,
          1.0
        ]
      ]
    },
    {
      "file_path": "./data/nerf/demo_infer/images/00000098.png",
      "sharpness": 66.70195939121443,
      "transform_matrix": [
        [
          -0.8366569300324395,
          0.06706045138945375,
          0.5436065464182991,
          2.0922154831618975
        ],
        [
          0.5304156696218936,
          -0.14835232644443916,
          0.8346560996367278,
          3.3122578036122534
        ],
        [
          0.13661771062818162,
          0.986658240284222,
          0.08855008777729116,
          0.4336692927715042
        ],
        [
          0.0,
          0.0,
          0.0,
          1.0
        ]
      ]
    },
    {
      "file_path": "./data/nerf/demo_infer/images/00000117.png",
      "sharpness": 40.36921245614492,
      "transform_matrix": [
        [
          -0.8967662351928023,
          0.22998155847953788,
          0.3780460318508115,
          1.4681649310885472
        ],
        [
          0.3277134762303669,
          -0.2289085869401569,
          0.9166268250082932,
          3.7314243311438062
        ],
        [
          0.2973452487088607,
          0.9458907662123442,
          0.12990943571542204,
          0.5891273393754722
        ],
        [
          0.0,
          0.0,
          0.0,
          1.0
        ]
      ]
    },
    {
      "file_path": "./data/nerf/demo_infer/images/00000099.png",
      "sharpness": 73.83676789396729,
      "transform_matrix": [
        [
          -0.8420131941560788,
          0.07577237173759413,
          0.5341089107747891,
          2.057582867029979
        ],
        [
          0.5194512555282688,
          -0.15324605652412404,
          0.8406462034010651,
          3.3428709422106113
        ],
        [
          0.14554784095453438,
          0.9852787391717117,
          0.08967514791225266,
          0.44023887882198676
        ],
        [
          0.0,
          0.0,
          0.0,
          1.0
        ]
      ]
    },
    {
      "file_path": "./data/nerf/demo_infer/images/00000118.png",
      "sharpness": 46.066689686771255,
      "transform_matrix": [
        [
          -0.8975977592765063,
          0.2380091758476537,
          0.371038939701495,
          1.432697172984317
        ],
        [
          0.3183600230528233,
          -0.23218172497286796,
          0.9190965903065597,
          3.751872107442843
        ],
        [
          0.30490188303524995,
          0.9431030054147082,
          0.13263318937095797,
          0.5993679270225775
        ],
        [
          0.0,
          0.0,
          0.0,
          1.0
        ]
      ]
    },
    {
      "file_path": "./data/nerf/demo_infer/images/00000114.png",
      "sharpness": 40.196281784086906,
      "transform_matrix": [
        [
          -0.8930901019648403,
          0.20515482675663949,
          0.4003767811094678,
          1.5705838245882997
        ],
        [
          0.3569665702579277,
          -0.2184792277473572,
          0.9082079578840548,
          3.654188530813613
        ],
        [
          0.2737972562034738,
          0.9540326640755057,
          0.12188822090690976,
          0.5570325972883725
        ],
        [
          0.0,
          0.0,
          0.0,
          1.0
        ]
      ]
    },
    {
      "file_path": "./data/nerf/demo_infer/images/00000092.png",
      "sharpness": 120.22272079040685,
      "transform_matrix": [
        [
          -0.8003766634911154,
          0.01709775611431711,
          0.5992535884710074,
          2.312186098651462
        ],
        [
          0.5936756214411015,
          -0.11636368004927874,
          0.7962466643412869,
          3.0936305871701633
        ],
        [
          0.08334538411096834,
          0.9930594950577445,
          0.08298425300297362,
          0.4051304027537036
        ],
        [
          0.0,
          0.0,
          0.0,
          1.0
        ]
      ]
    },
    {
      "file_path": "./data/nerf/demo_infer/images/00000096.png",
      "sharpness": 60.90176250525581,
      "transform_matrix": [
        [
          -0.8256035767247165,
          0.05030395828219411,
          0.5620037774794687,
          2.164327581307581
        ],
        [
          0.5515918199021904,
          -0.1378409430221728,
          0.8226459375979818,
          3.246436305312774
        ],
        [
          0.11884947759573872,
          0.9891761148707575,
          0.08605472368105459,
          0.4234951153549402
        ],
        [
          0.0,
          0.0,
          0.0,
          1.0
        ]
      ]
    },
    {
      "file_path": "./data/nerf/demo_infer/images/00000034.png",
      "sharpness": 277.40254265076214,
      "transform_matrix": [
        [
          -0.3314046647557311,
          -0.22412159002776028,
          0.9164826572730463,
          3.674665411136877
        ],
        [
          0.8922624777589174,
          0.24127189803863308,
          0.3816484534267993,
          1.5163403755262168
        ],
        [
          -0.3066571684534079,
          0.9442231643639767,
          0.12001665275296544,
          0.36866542884019887
        ],
        [
          0.0,
          0.0,
          0.0,
          1.0
        ]
      ]
    },
    {
      "file_path": "./data/nerf/demo_infer/images/00000018.png",
      "sharpness": 269.65804012345313,
      "transform_matrix": [
        [
          -0.2735420550720597,
          -0.23132948805807557,
          0.93362809088118,
          3.793771707730885
        ],
        [
          0.9014759316132287,
          0.27684131270900386,
          0.3327161437356649,
          1.3516210600963459
        ],
        [
          -0.33543388146057546,
          0.9326551107204967,
          0.13281022414949725,
          0.4103799876901243
        ],
        [
          0.0,
          0.0,
          0.0,
          1.0
        ]
      ]
    },
    {
      "file_path": "./data/nerf/demo_infer/images/00000011.png",
      "sharpness": 230.09777864402386,
      "transform_matrix": [
        [
          -0.2653920320653972,
          -0.23119271546143816,
          0.9360112166285508,
          3.7973953961639544
        ],
        [
          0.9026886998803458,
          0.2814691322629689,
          0.3254661867140386,
          1.2422539680030977
        ],
        [
          -0.33870367643014204,
          0.9313028808724616,
          0.1339953867667389,
          0.41846392072113664
        ],
        [
          0.0,
          0.0,
          0.0,
          1.0
        ]
      ]
    },
    {
      "file_path": "./data/nerf/demo_infer/images/00000028.png",
      "sharpness": 212.27541520974864,
      "transform_matrix": [
        [
          -0.29884082355483177,
          -0.2297129431499914,
          0.9262430166792801,
          3.75442515468024
        ],
        [
          0.8974607242590836,
          0.2623247418501213,
          0.35461243383212493,
          1.4433533253340156
        ],
        [
          -0.3244355260940286,
          0.9372394003580805,
          0.12776500243777808,
          0.39984839501812647
        ],
        [
          0.0,
          0.0,
          0.0,
          1.0
        ]
      ]
    },
    {
      "file_path": "./data/nerf/demo_infer/images/00000029.png",
      "sharpness": 300.0954383663754,
      "transform_matrix": [
        [
          -0.30377315424361556,
          -0.2291318377475685,
          0.9247813102090681,
          3.744075073804539
        ],
        [
          0.8967787132607262,
          0.2590109066194694,
          0.35874961978699255,
          1.450547243420291
        ],
        [
          -0.3217294052550266,
          0.9383026970032491,
          0.1267999945350351,
          0.39782529057452093
        ],
        [
          0.0,
          0.0,
          0.0,
          1.0
        ]
      ]
    },
    {
      "file_path": "./data/nerf/demo_infer/images/00000023.png",
      "sharpness": 344.2700303762119,
      "transform_matrix": [
        [
          -0.28188491256170467,
          -0.23131687880759264,
          0.9311462815634757,
          3.779343280591154
        ],
        [
          0.9002968142659455,
          0.27172269125647636,
          0.3400476808943742,
          1.4118163661513594
        ],
        [
          -0.33167234177013527,
          0.9341623417028994,
          0.13165932201055444,
          0.40901435191730917
        ],
        [
          0.0,
          0.0,
          0.0,
          1.0
        ]
      ]
    },
    {
      "file_path": "./data/nerf/demo_infer/images/00000032.png",
      "sharpness": 383.3172178800187,
      "transform_matrix": [
        [
          -0.3200697129091605,
          -0.2261827921219503,
          0.9199982192628746,
          3.7044309373807898
        ],
        [
          0.8942361087292467,
          0.2485821907752269,
          0.3722212732728724,
          1.4805071218662804
        ],
        [
          -0.3128852197297186,
          0.9418323837065998,
          0.12269718945289186,
          0.38203156752786277
        ],
        [
          0.0,
          0.0,
          0.0,
          1.0
        ]
      ]
    },
    {
      "file_path": "./data/nerf/demo_infer/images/00000025.png",
      "sharpness": 243.4622390436339,
      "transform_matrix": [
        [
          -0.28712438044432936,
          -0.23132158155626226,
          0.9295428532786768,
          3.777172990093394
        ],
        [
          0.8993735090146449,
          0.2688808362164906,
          0.3447178370797197,
          1.4306986426996173
        ],
        [
          -0.32967693495256806,
          0.9349831131323524,
          0.13084225900305982,
          0.40588244310265126
        ],
        [
          0.0,
          0.0,
          0.0,
          1.0
        ]
      ]
    },
    {
      "file_path": "./data/nerf/demo_infer/images/00000022.png",
      "sharpness": 358.99371959995216,
      "transform_matrix": [
        [
          -0.2799351692578612,
          -0.23134552628543334,
          0.9317271856616519,
          3.7821529345994644
        ],
        [
          0.9005263068719691,
          0.27306336548273596,
          0.3383618906813953,
          1.4019433285236482
        ],
        [
          -0.3326990707031503,
          0.9337642346544075,
          0.13189269296264236,
          0.4103881189431972
        ],
        [
          0.0,
          0.0,
          0.0,
          1.0
        ]
      ]
    },
    {
      "file_path": "./data/nerf/demo_infer/images/00000006.png",
      "sharpness": 269.26421151171036,
      "transform_matrix": [
        [
          -0.2606401813504357,
          -0.2314483682727903,
          0.9372824273985771,
          3.800067709722305
        ],
        [
          0.9031543128615387,
          0.28459914587006224,
          0.3214274620071344,
          1.2096437870817593
        ],
        [
          -0.3411436398762693,
          0.9302875786629065,
          0.1348556190185841,
          0.42260469704143405
        ],
        [
          0.0,
          0.0,
          0.0,
          1.0
        ]
      ]
    },
    {
      "file_path": "./data/nerf/demo_infer/images/00000058.png",
      "sharpness": 181.41406564644814,
      "transform_matrix": [
        [
          -0.5033749440188366,
          -0.18522154592636494,
          0.8439826092280425,
          3.2462620618832423
        ],
        [
          0.8396260117585256,
          0.12582490419782366,
          0.5283902477003107,
          2.135805607382065
        ],
        [
          -0.20406328948221408,
          0.9746081635359387,
          0.09217972379114729,
          0.2872513175753445
        ],
        [
          0.0,
          0.0,
          0.0,
          1.0
        ]
      ]
    },
    {
      "file_path": "./data/nerf/demo_infer/images/00000021.png",
      "sharpness": 326.5379894844155,
      "transform_matrix": [
        [
          -0.27796254755360555,
          -0.23163498238021824,
          0.932245706407876,
          3.7833565146138874
        ],
        [
          0.900819345445941,
          0.2741394216736342,
          0.33670771354025536,
          1.390592871149459
        ],
        [
          -0.3335585841055644,
          0.9333771008777307,
          0.13246078117685472,
          0.4111350634619284
        ],
        [
          0.0,
          0.0,
          0.0,
          1.0
        ]
      ]
    },
    {
      "file_path": "./data/nerf/demo_infer/images/00000052.png",
      "sharpness": 296.2203698732308,
      "transform_matrix": [
        [
          -0.45390945339522737,
          -0.1990367672817028,
          0.8685335764431847,
          3.34065254526312
        ],
        [
          0.8593567227523417,
          0.1598600148967268,
          0.48574766978369327,
          1.9826908585228744
        ],
        [
          -0.23552543637688117,
          0.9668656271321073,
          0.09848161205689844,
          0.28912852896199287
        ],
        [
          0.0,
          0.0,
          0.0,
          1.0
        ]
      ]
    },
    {
      "file_path": "./data/nerf/demo_infer/images/00000048.png",
      "sharpness": 319.405950028324,
      "transform_matrix": [
        [
          -0.4225798247242174,
          -0.20665344992125623,
          0.8824514963398197,
          3.4281034755120348
        ],
        [
          0.8699206667341917,
          0.18070047853638885,
          0.4588958167690945,
          1.875812586451721
        ],
        [
          -0.2542918113635238,
          0.9615829078734814,
          0.10341173039093067,
          0.30728781972391195
        ],
        [
          0.0,
          0.0,
          0.0,
          1.0
        ]
      ]
    },
    {
      "file_path": "./data/nerf/demo_infer/images/00000062.png",
      "sharpness": 230.35304231725056,
      "transform_matrix": [
        [
          -0.5373930328753832,
          -0.17240103687429714,
          0.8255220231601085,
          3.1798791512171896
        ],
        [
          0.823925686654474,
          0.10145662582613008,
          0.5575419409781162,
          2.2082502964040307
        ],
        [
          -0.17987548774052045,
          0.9797879543980403,
          0.0875235588285915,
          0.29131254929384437
        ],
        [
          0.0,
          0.0,
          0.0,
          1.0
        ]
      ]
    },
    {
      "file_path": "./data/nerf/demo_infer/images/00000005.png",
      "sharpness": 247.68055699832365,
      "transform_matrix": [
        [
          -0.2596438681418589,
          -0.2315086666791057,
          0.9375440251046826,
          3.7986713223349033
        ],
        [
          0.9032334308738611,
          0.2852924640103562,
          0.32058942486215647,
          1.205899712206855
        ],
        [
          -0.3416934753415613,
          0.930060184747176,
          0.13503192837423075,
          0.42327811538808013
        ],
        [
          0.0,
          0.0,
          0.0,
          1.0
        ]
      ]
    },
    {
      "file_path": "./data/nerf/demo_infer/images/00000031.png",
      "sharpness": 248.870346187875,
      "transform_matrix": [
        [
          -0.314563217711885,
          -0.2273315718724347,
          0.9216129005788969,
          3.7176573275264984
        ],
        [
          0.8951120323654449,
          0.2521214655187524,
          0.3677080583044027,
          1.4695494710630899
        ],
        [
          -0.3159500460194405,
          0.9406142264902113,
          0.12417908587175133,
          0.38815566688161884
        ],
        [
          0.0,
          0.0,
          0.0,
          1.0
        ]
      ]
    },
    {
      "file_path": "./data/nerf/demo_infer/images/00000036.png",
      "sharpness": 305.7218344036337,
      "transform_matrix": [
        [
          -0.34323579923249625,
          -0.22220004172497182,
          0.912587709539935,
          3.646485517816068
        ],
        [
          0.8899184527600318,
          0.2338059481853707,
          0.39163749314007973,
          1.5674556453412356
        ],
        [
          -0.30039030204808925,
          0.9465526504489465,
          0.11748934584438402,
          0.3590831688057459
        ],
        [
          0.0,
          0.0,
          0.0,
          1.0
        ]
      ]
    },
    {
      "file_path": "./data/nerf/demo_infer/images/00000056.png",
      "sharpness": 297.16491203051675,
      "transform_matrix": [
        [
          -0.4864004418020491,
          -0.1900402168910168,
          0.8528184602830081,
          3.273822542277445
        ],
        [
          0.8468536289032425,
          0.13771429469977875,
          0.5136863870606916,
          2.0884696858957073
        ],
        [
          -0.21506636517580238,
          0.97206969350036,
          0.09395195352728677,
          0.281624375555561
        ],
        [
          0.0,
          0.0,
          0.0,
          1.0
        ]
      ]
    },
    {
      "file_path": "./data/nerf/demo_infer/images/00000136.png",
      "sharpness": 170.96111967705622,
      "transform_matrix": [
        [
          -0.9020020378963401,
          0.34416785649653825,
          0.26065458025156873,
          1.1052045868156881
        ],
        [
          0.1786640988382171,
          -0.25205006342251324,
          0.9510782855883894,
          3.955545503728704
        ],
        [
          0.393028578395135,
          0.9044441674883849,
          0.16585923092897384,
          0.7421486146867606
        ],
        [
          0.0,
          0.0,
          0.0,
          1.0
        ]
      ]
    },
    {
      "file_path": "./data/nerf/demo_infer/images/00000045.png",
      "sharpness": 187.66054975206293,
      "transform_matrix": [
        [
          -0.4006719419832022,
          -0.211650131357361,
          0.8914405290452725,
          3.4932111149666487
        ],
        [
          0.8765112467052869,
          0.19479047778526998,
          0.4402098410599709,
          1.8022960687015896
        ],
        [
          -0.2668145972550283,
          0.9577373813747077,
          0.1074666414873182,
          0.32226692651648564
        ],
        [
          0.0,
          0.0,
          0.0,
          1.0
        ]
      ]
    },
    {
      "file_path": "./data/nerf/demo_infer/images/00000132.png",
      "sharpness": 280.5980865830993,
      "transform_matrix": [
        [
          -0.9022194837115751,
          0.3291716576803853,
          0.2786503597913705,
          1.1551862186442907
        ],
        [
          0.199381442865668,
          -0.254563867397484,
          0.9462791753278498,
          3.9005031362546796
        ],
        [
          0.3824225980112881,
          0.9093092198015486,
          0.16404176095618067,
          0.709854828669819
        ],
        [
          0.0,
          0.0,
          0.0,
          1.0
        ]
      ]
    },
    {
      "file_path": "./data/nerf/demo_infer/images/00000053.png",
      "sharpness": 235.54016143721586,
      "transform_matrix": [
        [
          -0.4619378460725302,
          -0.19662424109162904,
          0.8648423753503911,
          3.32324722402891
        ],
        [
          0.856440804528077,
          0.15451402908673673,
          0.49257949932716266,
          2.007320777892155
        ],
        [
          -0.2304833501728307,
          0.9682274126737369,
          0.09702114544592183,
          0.2850098868515178
        ],
        [
          0.0,
          0.0,
          0.0,
          1.0
        ]
      ]
    },
    {
      "file_path": "./data/nerf/demo_infer/images/00000144.png",
      "sharpness": 138.48007424848055,
      "transform_matrix": [
        [
          -0.9015978277166948,
          0.35858379135545193,
          0.24194838634382496,
          1.0676813449625067
        ],
        [
          0.16198546004577277,
          -0.23875479748507245,
          0.9574742071796692,
          4.032660949167274
        ],
        [
          0.4011010693189012,
          0.9024487859571914,
          0.1571754463618105,
          0.7882320194851665
        ],
        [
          0.0,
          0.0,
          0.0,
          1.0
        ]
      ]
    },
    {
      "file_path": "./data/nerf/demo_infer/images/00000057.png",
      "sharpness": 208.4772202418356,
      "transform_matrix": [
        [
          -0.4950730884958094,
          -0.1874311321493308,
          0.8483938989461998,
          3.259143201458555
        ],
        [
          0.8431294142891351,
          0.13219781505284287,
          0.5212068000884381,
          2.114894489515061
        ],
        [
          -0.20984620036935586,
          0.9733413113697861,
          0.09258112007800594,
          0.2820296587745036
        ],
        [
          0.0,
          0.0,
          0.0,
          1.0
        ]
      ]
    },
    {
      "file_path": "./data/nerf/demo_infer/images/00000149.png",
      "sharpness": 82.06620512679658,
      "transform_matrix": [
        [
          -0.9017052503013364,
          0.3600829865871281,
          0.2393070921853173,
          1.0694407125768444
        ],
        [
          0.16339760166094233,
          -0.2286334720903589,
          0.959702015843498,
          4.049023770771995
        ],
        [
          0.4002859794807911,
          0.9044705513343937,
          0.14732330577125477,
          0.7967164870641363
        ],
        [
          0.0,
          0.0,
          0.0,
          1.0
        ]
      ]
    },
    {
      "file_path": "./data/nerf/demo_infer/images/00000066.png",
      "sharpness": 198.49917390982873,
      "transform_matrix": [
        [
          -0.5725587191065727,
          -0.1569128754079983,
          0.8047079362892657,
          3.0962784439957134
        ],
        [
          0.8055533277898508,
          0.07491542048616558,
          0.5877682501316254,
          2.286440779651133
        ],
        [
          -0.15251343961734576,
          0.9847669924035962,
          0.08350821176309797,
          0.2923011185828075
        ],
        [
          0.0,
          0.0,
          0.0,
          1.0
        ]
      ]
    },
    {
      "file_path": "./data/nerf/demo_infer/images/00000145.png",
      "sharpness": 125.55697996314255,
      "transform_matrix": [
        [
          -0.9015144479467496,
          0.359408904469675,
          0.24103306734112126,
          1.0675422539323018
        ],
        [
          0.16177132546549441,
          -0.23670794450785926,
          0.9580184691678527,
          4.037643485713836
        ],
        [
          0.40137481039407447,
          0.9026597301394338,
          0.15525357705745207,
          0.7908481322054883
        ],
        [
          0.0,
          0.0,
          0.0,
          1.0
        ]
      ]
    },
    {
      "file_path": "./data/nerf/demo_infer/images/00000035.png",
      "sharpness": 240.2828284129003,
      "transform_matrix": [
        [
          -0.3369883341507938,
          -0.2233292150840707,
          0.9146381384771246,
          3.6615346668813844
        ],
        [
          0.8912325489127503,
          0.23754153092907065,
          0.38636584326913576,
          1.5404795782792726
        ],
        [
          -0.3035513241725627,
          0.9453560613838137,
          0.11898954080664328,
          0.3641089115161684
        ],
        [
          0.0,
          0.0,
          0.0,
          1.0
        ]
      ]
    },
    {
      "file_path": "./data/nerf/demo_infer/images/00000147.png",
      "sharpness": 65.3340750385207,
      "transform_matrix": [
        [
          -0.9015931039394144,
          0.3600661741406985,
