{
    "frames": [
        {
            "file_path": "images/00000001.png",
            "transform_matrix": [
                [
                    0.5250383857004993,
                    0.30639472162244,
                    -0.7940132040280387,
                    -4.009087012436809
                ],
                [
                    -0.8500288161360217,
                    0.14246201451424284,
                    -0.5071051036615755,
                    -2.387299582393198
                ],
                [
                    -0.04225760647296412,
                    0.9411837488232818,
                    0.3352423686152482,
                    1.3675979183907485
                ],
                [
                    0.0,
                    0.0,
                    0.0,
                    1.0
                ]
            ]
        },
        {
            "file_path": "images/00000002.png",
            "transform_matrix": [
                [
                    0.5271382654089634,
                    0.3055385314757613,
                    -0.7929511050457115,
                    -3.94540636505304
                ],
                [
                    -0.8487334672309146,
                    0.14301370737018593,
                    -0.5091154889679794,
                    -2.390984390374882
                ],
                [
                    -0.04215152155496775,
                    0.9413783964774495,
                    0.33470877482489025,
                    1.3633508918233266
                ],
                [
                    0.0,
                    0.0,
                    0.0,
                    1.0
                ]
            ]
        },
        {
            "file_path": "images/00000003.png",
            "transform_matrix": [
                [
                    0.5285374830454621,
                    0.305193070440323,
                    -0.7921523331021161,
                    -3.880013869002096
                ],
                [
                    -0.8478553522638861,
                    0.14328043204073942,
                    -0.5105017330356292,
                    -2.3912297646724086
                ],
                [
                    -0.042301662841298715,
                    0.9414498964979527,
                    0.33448865716715664,
                    1.3570398979418088
                ],
                [
                    0.0,
                    0.0,
                    0.0,
                    1.0
                ]
            ]
        },
        {
            "file_path": "images/00000004.png",
            "transform_matrix": [
                [
                    0.5300337133479613,
                    0.30474528600811795,
                    -0.7913245689591291,
                    -3.8032739928265773
                ],
                [
                    -0.8469262175429937,
                    0.1438142324779819,
                    -0.5118920282401037,
                    -2.3921688033386195
                ],
                [
                    -0.042192947025479065,
                    0.9415135565987176,
                    0.3343231640655056,
                    1.3523366648922805
                ],
                [
                    0.0,
                    0.0,
                    0.0,
                    1.0
                ]
            ]
        },
        {
            "file_path": "images/00000005.png",
            "transform_matrix": [
                [
                    0.5315479758870806,
                    0.304655098356381,
                    -0.7903429764625993,
                    -3.7299783371964947
                ],
                [
                    -0.8459629930061063,
                    0.14416409508198313,
                    -0.5133841915700402,
                    -2.3925108015269347
                ],
                [
                    -0.04246603137125008,
                    0.9414892377511361,
                    0.33435707177655527,
                    1.3469807915789813
                ],
                [
                    0.0,
                    0.0,
                    0.0,
                    1.0
                ]
            ]
        },
        {
            "file_path": "images/00000006.png",
            "transform_matrix": [
                [
                    0.5319034430096156,
                    0.30505202449166474,
                    -0.7899506248722155,
                    -3.763731821194576
                ],
                [
                    -0.8457301948513017,
                    0.14438298248617526,
                    -0.5137061337825903,
                    3.8506573472572656
                ],
                [
                    -0.04265166886829711,
                    0.9413271571502047,
                    0.334789513609513,
                    1.3490508153319538
                ],
                [
                    0.0,
                    0.0,
                    0.0,
                    1.0
                ]
            ]
        },
        {
            "file_path": "images/00000007.png",
            "transform_matrix": [
                [
                    0.5330559235507225,
                    0.30493115292977735,
                    -0.7892201051724121,
                    -3.686420604104674
                ],
                [
                    -0.8450219592024871,
                    0.1452404325609508,
                    -0.5146290948010799,
                    3.280418910659992
                ],
                [
                    -0.04229977374786094,
                    0.9412344069300468,
                    0.3350947931862772,
                    1.3442772148954165
                ],
                [
                    0.0,
                    0.0,
                    0.0,
                    1.0
                ]
            ]
        },
        {
            "file_path": "images/00000008.png",
            "transform_matrix": [
                [
                    0.5372926655584526,
                    0.3040531078276959,
                    -0.7866818284575806,
                    -3.637806142604577
                ],
                [
                    -0.8423337815743683,
                    0.14665958551333155,
                    -0.5186181315730901,
                    -2.3921829700720916
                ],
                [
                    -0.042313023788132474,
                    0.9412983977803625,
                    0.3349133237460975,
                    1.3434423907388668
                ],
                [
                    0.0,
                    0.0,
                    0.0,
                    1.0
                ]
            ]
        },
        {
            "file_path": "images/00000009.png",
            "transform_matrix": [
                [
                    0.5383400337943773,
                    0.3038182912680312,
                    -0.7860562664168463,
                    -3.5591166431267673
                ],
                [
                    -0.841678145092334,
                    0.14730128425252173,
                    -0.519499982417869,
                    -2.3923208657757
                ],
                [
                    -0.04204649943402554,
                    0.9412740183469515,
                    0.33501539418205645,
                    1.3389036162228185
                ],
                [
                    0.0,
                    0.0,
                    0.0,
                    1.0
                ]
            ]
        },
        {
            "file_path": "images/00000010.png",
            "transform_matrix": [
                [
                    0.5397307178977773,
                    0.30449427635674486,
                    -0.7848401033914373,
                    -3.4899002296830264
                ],
                [
                    -0.8407225260071131,
                    0.14699124464042904,
                    -0.5211326206101061,
                    -2.3953183086222825
                ],
                [
                    -0.04331727655733808,
                    0.9411040376767763,
                    0.33533088716781684,
                    1.3345692861460139
                ],
                [
                    0.0,
                    0.0,
                    0.0,
                    1.0
                ]
            ]
        },
        {
            "file_path": "images/00000011.png",
            "transform_matrix": [
                [
                    0.545147091811407,
                    0.3025518031155314,
                    -0.7818420906993021,
                    -3.4563323679916182
                ],
                [
                    -0.8372416619392025,
                    0.14875019134265627,
                    -0.5262126757210297,
                    -2.4016466040226994
                ],
                [
                    -0.042907433270382454,
                    0.9414540812347235,
                    0.33439970867998914,
                    1.3338551671980026
                ],
                [
                    0.0,
                    0.0,
                    0.0,
                    1.0
                ]
            ]
        },
        {
            "file_path": "images/00000012.png",
            "transform_matrix": [
                [
                    0.5493408933611054,
                    0.30054487826869414,
                    -0.7796777277155146,
                    -3.423449380466765
                ],
                [
                    -0.8344883791874224,
                    0.14924479048329267,
                    -0.5304292012280496,
                    -2.4077937052311547
                ],
                [
                    -0.043054940595853186,
                    0.9420184545572875,
                    0.33278747487310645,
                    1.3316225110762734
                ],
                [
                    0.0,
                    0.0,
                    0.0,
                    1.0
                ]
            ]
        },
        {
            "file_path": "images/00000013.png",
            "transform_matrix": [
                [
                    0.5543496269323568,
                    0.29840191328301363,
                    -0.7769509568415136,
                    -3.398549929498115
                ],
                [
                    -0.8311385360854749,
                    0.14952155318522645,
                    -0.5355856971274077,
                    -2.414212300333863
                ],
                [
                    -0.04364888293414448,
                    0.9426556122723503,
                    0.3309005465977253,
                    1.3297328525942391
                ],
                [
                    0.0,
                    0.0,
                    0.0,
                    1.0
                ]
            ]
        },
        {
            "file_path": "images/00000014.png",
            "transform_matrix": [
                [
                    0.5576468039367385,
                    0.2971593081654221,
                    -0.7750654086577069,
                    -3.3456645933773723
                ],
                [
                    -0.828944271705948,
                    0.15056735700929075,
                    -0.5386843838555304,
                    -2.4195286350466376
                ],
                [
                    -0.04337552873510967,
                    0.9428816556919044,
                    0.3302919117012617,
                    1.3275829672391497
                ],
                [
                    0.0,
                    0.0,
                    0.0,
                    1.0
                ]
            ]
        },
        {
            "file_path": "images/00000015.png",
            "transform_matrix": [
                [
                    0.5599560308250513,
                    0.2951631604450768,
                    -0.7741627427916418,
                    -3.318317115899762
                ],
                [
                    -0.8273962114360283,
                    0.15051398671684343,
                    -0.5410739774786708,
                    -2.425413827706535
                ],
                [
                    -0.04318278444197691,
                    0.9435169572324096,
                    0.32849809529335877,
                    1.3238489552162258
                ],
                [
                    0.0,
                    0.0,
                    0.0,
                    1.0
                ]
            ]
        },
        {
            "file_path": "images/00000016.png",
            "transform_matrix": [
                [
                    0.5604134388627884,
                    0.29554830813160055,
                    -0.773684674250745,
                    -3.252022043873267
                ],
                [
                    -0.8270733377429863,
                    0.1507189553904005,
                    -0.5415103789230477,
                    -2.4298198520585808
                ],
                [
                    -0.04343353042177472,
                    0.9433636595253169,
                    0.32890505376283624,
                    1.3217883668471806
                ],
                [
                    0.0,
                    0.0,
                    0.0,
                    1.0
                ]
            ]
        },
        {
            "file_path": "images/00000017.png",
            "transform_matrix": [
                [
                    0.5645104945236876,
                    0.2942927867694277,
                    -0.7711806904325703,
                    -3.208881405669567
                ],
                [
                    -0.824269430808035,
                    0.15154675029548623,
                    -0.5455396300095482,
                    -2.4357428919228172
                ],
                [
                    -0.04367845048298697,
                    0.9436235150719632,
                    0.32812627879410855,
                    1.3203978490021757
                ],
                [
                    0.0,
                    0.0,
                    0.0,
                    1.0
                ]
            ]
        },
        {
            "file_path": "images/00000018.png",
            "transform_matrix": [
                [
                    0.5639960796421738,
                    0.29395265425776623,
                    -0.7716866328186741,
                    -3.139992232152526
                ],
                [
                    -0.8246682600659291,
                    0.15207682053969498,
                    -0.5447888595548278,
                    -2.4385261344005356
                ],
                [
                    -0.04278648170415596,
                    0.9436442538243665,
                    0.3281841545173473,
                    1.3157673264498282
                ],
                [
                    0.0,
                    0.0,
                    0.0,
                    1.0
                ]
            ]
        },
        {
            "file_path": "images/00000019.png",
            "transform_matrix": [
                [
                    0.5719026814755603,
                    0.2915992507767126,
                    -0.7667445467269226,
                    -3.101968209897734
                ],
                [
                    -0.8192000769027409,
                    0.15415968634196137,
                    -0.5524002399620865,
                    -2.444714977819578
                ],
                [
                    -0.042878397273988844,
                    0.944036370125514,
                    0.32704246665546266,
                    1.3151369836305522
                ],
                [
                    0.0,
                    0.0,
                    0.0,
                    1.0
                ]
            ]
        },
        {
            "file_path": "images/00000020.png",
            "transform_matrix": [
                [
                    0.5732131364695747,
                    0.29086666217703777,
                    -0.7660439185064077,
                    -3.0473260074563315
                ],
                [
                    -0.8183056455835441,
                    0.15476187925488954,
                    -0.5535563486550154,
                    -2.4497031236762723
                ],
                [
                    -0.04245669104036159,
                    0.9441638341039222,
                    0.32672937398513147,
                    1.3121827564138289
                ],
                [
                    0.0,
                    0.0,
                    0.0,
                    1.0
                ]
            ]
        },
        {
            "file_path": "images/00000021.png",
            "transform_matrix": [
                [
                    0.5735174512112183,
                    0.29074507657411464,
                    -0.765862281139403,
                    -2.9799225641117206
                ],
                [
                    -0.8181178456521531,
                    0.1553930961490096,
                    -0.5536570926985251,
                    -2.4532105133877153
                ],
                [
                    -0.04196336272243921,
                    0.944097604161485,
                    0.32698438811998404,
                    1.3082599949010945
                ],
                [
                    0.0,
                    0.0,
                    0.0,
                    1.0
                ]
            ]
        },
        {
            "file_path": "images/00000022.png",
            "transform_matrix": [
                [
                    0.5756856554742446,
                    0.29063024798804793,
                    -0.7642774922130998,
                    -2.919398211998859
                ],
                [
                    -0.8165910785325943,
                    0.15632412906258278,
                    -0.555645369938847,
                    -2.4580275037239203
                ],
                [
                    -0.04201233832638992,
                    0.9439792506689575,
                    0.3273196263645884,
                    1.3060499143850635
                ],
                [
                    0.0,
                    0.0,
                    0.0,
                    1.0
                ]
            ]
        },
        {
            "file_path": "images/00000023.png",
            "transform_matrix": [
                [
                    0.5810048390202465,
                    0.2898840881300906,
                    -0.7605265232403098,
                    -2.8734935522380054
                ],
                [
                    -0.8127957589714491,
                    0.15799317786875192,
                    -0.5607149096873001,
                    -2.463888802691329
                ],
                [
                    -0.04238432803543925,
                    0.9439308085141485,
                    0.32741135829937446,
                    1.3051858032670125
                ],
                [
                    0.0,
                    0.0,
                    0.0,
                    1.0
                ]
            ]
        },
        {
            "file_path": "images/00000024.png",
            "transform_matrix": [
                [
                    0.5820602730852877,
                    0.2893611519842562,
                    -0.7599183918593987,
                    -2.816166900761002
                ],
                [
                    -0.8120608831862633,
                    0.1585961486649869,
                    -0.5616087460394978,
                    -2.4684097421255125
                ],
                [
                    -0.041987623469831765,
                    0.9439901405296661,
                    0.3272913902423467,
                    1.3014989490113855
                ],
                [
                    0.0,
                    0.0,
                    0.0,
                    1.0
                ]
            ]
        },
        {
            "file_path": "images/00000025.png",
            "transform_matrix": [
                [
                    0.5875339550273215,
                    0.2883706310528752,
                    -0.7560729005222124,
                    -2.756582888750022
                ],
                [
                    -0.8080993544028818,
                    0.16038686813239222,
                    -0.5667905132807058,
                    -2.4733112931266596
                ],
                [
                    -0.042181573395009005,
                    0.943990694733294,
                    0.32726485175084985,
                    1.2993630289698215
                ],
                [
                    0.0,
                    0.0,
                    0.0,
                    1.0
                ]
            ]
        },
        {
            "file_path": "images/00000026.png",
            "transform_matrix": [
                [
                    0.5896658475568194,
                    0.2872221096400637,
                    -0.7548494207634796,
                    -2.8097742319536225
                ],
                [
                    -0.8065849169111257,
                    0.16150293828528775,
                    -0.5686277980695005,
                    -2.4683281965374593
                ],
                [
                    -0.04141207634525645,
                    0.9441505498199438,
                    0.3269017884259798,
                    1.302586859805967
                ],
                [
                    0.0,
                    0.0,
                    0.0,
                    1.0
                ]
            ]
        },
        {
            "file_path": "images/00000027.png",
            "transform_matrix": [
                [
                    0.5918393787076992,
                    0.2872932430960226,
                    -0.7531193413730696,
                    -2.743947726615664
                ],
                [
                    -0.8049698673008683,
                    0.1621729284177566,
                    -0.5707218709903356,
                    -2.4723949174137405
                ],
                [
                    -0.0418289681841202,
                    0.9440140538286144,
                    0.32724272896941414,
                    1.2994281296745047
                ],
                [
                    0.0,
                    0.0,
                    0.0,
                    1.0
                ]
            ]
        },
        {
            "file_path": "images/00000028.png",
            "transform_matrix": [
                [
                    0.5961254268913637,
                    0.28614349612674644,
                    -0.7501708972666853,
                    -2.6889419773342613
                ],
                [
                    -0.8017757544194833,
                    0.1629222363782918,
                    -0.5749886820792579,
                    -2.477347082660589
                ],
                [
                    -0.04230975147487071,
                    0.944234210661739,
                    0.3265450051903549,
                    1.2964345805719928
                ],
                [
                    0.0,
                    0.0,
                    0.0,
                    1.0
                ]
            ]
        },
        {
            "file_path": "images/00000029.png",
            "transform_matrix": [
                [
                    0.59728104500126,
                    0.28545315993639986,
                    -0.749514407354841,
                    -2.622185861897594
                ],
                [
                    -0.8009698286629386,
                    0.1642182653830975,
                    -0.5757427332471571,
                    -2.481047733220899
                ],
                [
                    -0.0412636266603682,
                    0.944218647805156,
                    0.32672382576186293,
                    1.2927213729308338
                ],
                [
                    0.0,
                    0.0,
                    0.0,
                    1.0
                ]
            ]
        },
        {
            "file_path": "images/00000030.png",
            "transform_matrix": [
                [
                    0.6040530968288461,
                    0.2824794031933673,
                    -0.7452014781593976,
                    -2.5841751256322505
                ],
                [
                    -0.7959138348576262,
                    0.1663009516356966,
                    -0.5821212596770254,
                    -2.487225637207029
                ],
                [
                    -0.04050955104150136,
                    0.9447483158612352,
                    0.3252838699050528,
                    1.2919164645867933
                ],
                [
                    0.0,
                    0.0,
                    0.0,
                    1.0
                ]
            ]
        },
        {
            "file_path": "images/00000031.png",
            "transform_matrix": [
                [
                    0.6073408185592681,
                    0.2814550833989085,
                    -0.7429132965620034,
                    -2.5163984306413196
                ],
                [
                    -0.7933946009620129,
                    0.16689580375819862,
                    -0.5853808998019249,
                    -2.490823714151379
                ],
                [
                    -0.040769318221509976,
                    0.9449491133298473,
                    0.3246675776506179,
                    1.2882104098631963
                ],
                [
                    0.0,
                    0.0,
                    0.0,
                    1.0
                ]
            ]
        },
        {
            "file_path": "images/00000032.png",
            "transform_matrix": [
                [
                    0.6153573472912501,
                    0.277788516979839,
                    -0.7376780293846151,
                    -2.4739660773916787
                ],
                [
                    -0.7872639559486087,
                    0.1698348262891963,
                    -0.5927660545646517,
                    -2.4968621064245893
                ],
                [
                    -0.03938018323561177,
                    0.9455102705309117,
                    0.32320199497763474,
                    1.2879060552820318
                ],
                [
                    0.0,
                    0.0,
                    0.0,
                    1.0
                ]
            ]
        },
        {
            "file_path": "images/00000033.png",
            "transform_matrix": [
                [
                    0.6214606167026074,
                    0.27530155394354067,
                    -0.7334819400311364,
                    -2.4220277398095056
                ],
                [
                    -0.7824832099865797,
                    0.17172587159208932,
                    -0.5985233922878141,
                    -2.502386498773577
                ],
                [
                    -0.03881659451948978,
                    0.9458960193848699,
                    0.32213970970744743,
                    1.2866353749966513
                ],
                [
                    0.0,
                    0.0,
                    0.0,
                    1.0
                ]
            ]
        },
        {
            "file_path": "images/00000034.png",
            "transform_matrix": [
                [
                    0.6257862845847162,
                    0.2736684201728406,
                    -0.7304088730934962,
                    -2.355427320812849
                ],
                [
                    -0.7790403353443213,
                    0.17298831477559545,
                    -0.602636871472684,
                    -2.506316639174385
                ],
                [
                    -0.038570480500245544,
                    0.9461398621858738,
                    0.3214524526045912,
                    1.2833360322075715
                ],
                [
                    0.0,
                    0.0,
                    0.0,
                    1.0
                ]
            ]
        },
        {
            "file_path": "images/00000035.png",
            "transform_matrix": [
                [
                    0.6281695794417951,
                    0.27289067873987827,
                    -0.7286519450250302,
                    -2.2801590865315307
                ],
                [
                    -0.7771479863010088,
                    0.1743158266938484,
                    -0.6046941375216107,
                    -2.508709036806009
                ],
                [
                    -0.037999827449177154,
                    0.9461208538483855,
                    0.3215763410073351,
                    1.279364702210454
                ],
                [
                    0.0,
                    0.0,
                    0.0,
                    1.0
                ]
            ]
        },
        {
            "file_path": "images/00000036.png",
            "transform_matrix": [
                [
                    0.6277511058867662,
                    0.2726512056389595,
                    -0.7291020979187459,
                    -2.2218289480751303
                ],
                [
                    -0.7775206705105978,
                    0.1747627785928152,
                    -0.6040857374147698,
                    -2.5063421981872938
                ],
                [
                    -0.03728479610530428,
                    0.9461074417570122,
                    0.3216994757534101,
                    1.2731369222758109
                ],
                [
                    0.0,
                    0.0,
                    0.0,
                    1.0
                ]
            ]
        },
        {
            "file_path": "images/00000037.png",
            "transform_matrix": [
                [
                    0.6296673559669849,
                    0.27171743295595663,
                    -0.7277971266261803,
                    -2.151241758063705
                ],
                [
                    -0.7759923361071787,
                    0.17559704827498954,
                    -0.6058065458054345,
                    -2.5084914964925598
                ],
                [
                    -0.03680917231559032,
                    0.9462215984275426,
                    0.32141837466345746,
                    1.2681759163634365
                ],
                [
                    0.0,
                    0.0,
                    0.0,
                    1.0
                ]
            ]
        },
        {
            "file_path": "images/00000038.png",
            "transform_matrix": [
                [
                    0.631529321244686,
                    0.27100934203172505,
                    -0.7264465933623132,
                    -2.0725400747495843
                ],
                [
                    -0.7745126419052243,
                    0.17691613307387857,
                    -0.6073144567584843,
                    -2.510392954870344
                ],
                [
                    -0.03606776915011726,
                    0.9461789568868674,
                    0.3216278869153683,
                    1.2644088194877132
                ],
                [
                    0.0,
                    0.0,
                    0.0,
                    1.0
                ]
            ]
        },
        {
            "file_path": "images/00000039.png",
            "transform_matrix": [
                [
                    0.6334123873070533,
                    0.27023607153647106,
                    -0.7250939341316179,
                    -1.9991070802845656
                ],
                [
                    -0.7729902839900709,
                    0.17773336975710716,
                    -0.6090130295259786,
                    -2.5126522154477677
                ],
                [
                    -0.03570390030997361,
                    0.9462469629970294,
                    0.3214683757233136,
                    1.2599792394454463
                ],
                [
                    0.0,
                    0.0,
                    0.0,
                    1.0
                ]
            ]
        },
        {
            "file_path": "images/00000040.png",
            "transform_matrix": [
                [
                    0.6375818009102842,
                    0.26866804963950935,
                    -0.7220158767775487,
                    -1.9335232642500761
                ],
                [
                    -0.7695602456611736,
                    0.17882243546704546,
                    -0.6130249300576819,
                    -2.516676594504678
                ],
                [
                    -0.03558757480775725,
                    0.9464882544132776,
                    0.32077018073013114,
                    1.2566765781025757
                ],
                [
                    0.0,
                    0.0,
                    0.0,
                    1.0
                ]
            ]
        },
        {
            "file_path": "images/00000041.png",
            "transform_matrix": [
                [
                    0.6410782273299368,
                    0.267034126251662,
                    -0.7195217035840332,
                    -1.8659324469253642
                ],
                [
                    -0.7666842798682599,
                    0.18026486046898438,
                    -0.6161978538453874,
                    -2.5205225206516415
                ],
                [
                    -0.03484137599877098,
                    0.9466770069896229,
                    0.32029474398484004,
                    1.2534039268184212
                ],
                [
                    0.0,
                    0.0,
                    0.0,
                    1.0
                ]
            ]
        },
        {
            "file_path": "images/00000042.png",
            "transform_matrix": [
                [
                    0.642986520609881,
                    0.26559126020412027,
                    -0.7183520146036614,
                    -1.791381061838937
                ],
                [
                    -0.7651405198479289,
                    0.18162332959338343,
                    -0.6177159145067662,
                    -2.5225204306704607
                ],
                [
                    -0.033590463469561106,
                    0.9468232404817111,
                    0.31999598765647796,
                    1.2489395522554128
                ],
                [
                    0.0,
                    0.0,
                    0.0,
                    1.0
                ]
            ]
        },
        {
            "file_path": "images/00000043.png",
            "transform_matrix": [
                [
                    0.6470918922887301,
                    0.26327792084670726,
                    -0.715511578799937,
                    -1.7356622867523148
                ],
                [
                    -0.7617102484797448,
                    0.1829923901320671,
                    -0.6215394456632296,
                    -2.5276448385722845
                ],
                [
                    -0.03270443900666104,
                    0.9472056385041442,
                    0.3189543825123718,
                    1.2466851784108197
                ],
                [
                    0.0,
                    0.0,
                    0.0,
                    1.0
                ]
            ]
        },
        {
            "file_path": "images/00000044.png",
            "transform_matrix": [
                [
                    0.6492759390797326,
                    0.2622571236602804,
                    -0.713906125544193,
                    -1.6571637354742932
                ],
                [
                    -0.7598844215620314,
                    0.18434165682009382,
                    -0.6233729376776281,
                    -2.5293091785262605
                ],
                [
                    -0.03188135560616389,
                    0.9472271927662753,
                    0.31897370505649336,
                    1.2426833044992143
                ],
                [
                    0.0,
                    0.0,
                    0.0,
                    1.0
                ]
            ]
        },
        {
            "file_path": "images/00000045.png",
            "transform_matrix": [
                [
                    0.651490020948038,
                    0.26101357737884034,
                    -0.7123430810339759,
                    -1.58143068142956
                ],
                [
                    -0.7580229960410533,
                    0.18557074570293025,
                    -0.6252716496154935,
                    -2.532012433290999
                ],
                [
                    -0.03101435335591172,
                    0.9473306766007032,
                    0.31875178293744655,
                    1.2391833132630943
                ],
                [
                    0.0,
                    0.0,
                    0.0,
                    1.0
                ]
            ]
        },
        {
            "file_path": "images/00000046.png",
            "transform_matrix": [
                [
                    0.6542464610890387,
                    0.25914271014742046,
                    -0.7104974482697817,
                    -1.510887113585301
                ],
                [
                    -0.7556909261095301,
                    0.1868881801406033,
                    -0.6276974050608548,
                    -2.5354732020029838
                ],
                [
