{
  "w": 1080.0,
      "h": 1920.0,
      "fl_x": 1475.1812938377145,
      "fl_y": 1470.0398507736597,
      "k1": 0.07981782328513513,
      "k2": -0.11401131494073138,
      "k3": 0,
      "k4": 0,
      "p1": 0.014202607011791563,
      "p2": -0.012432814142697752,
      "cx": 540.0,
      "cy": 960.0,
      "is_fisheye": false,
      "camera_angle_x": 0.701814022965748,
      "camera_angle_y": 1.157023607414042,
      "fovx": 40.21098151903479,
      "fovy": 66.29256950182608,
  "frames": [
    {
      "file_path": "images/00000132.png",
      "sharpness": 100.31513601722038,
      "transform_matrix": [
        [
          0.5250383857004993,
          0.30639472162244,
          -0.7940132040280387,
          -4.009087012436809
        ],
        [
          -0.8500288161360217,
          0.14246201451424284,
          -0.5071051036615755,
          -2.387299582393198
        ],
        [
          -0.04225760647296412,
          0.9411837488232818,
          0.3352423686152482,
          1.3675979183907485
        ],
        [
          0.0,
          0.0,
          0.0,
          1.0
        ]
      ],
      "w": 1080.0,
      "h": 1920.0,
      "fl_x": 1475.1812938377145,
      "fl_y": 1470.0398507736597,
      "k1": 0.07981782328513513,
      "k2": -0.11401131494073138,
      "k3": 0,
      "k4": 0,
      "p1": 0.014202607011791563,
      "p2": -0.012432814142697752,
      "cx": 540.0,
      "cy": 960.0,
      "is_fisheye": false,
      "camera_angle_x": 0.701814022965748,
      "camera_angle_y": 1.157023607414042,
      "fovx": 40.21098151903479,
      "fovy": 66.29256950182608
    },
    {
      "file_path": "images/00000059.png",
      "sharpness": 23.311133279984066,
      "transform_matrix": [
        [
          -0.7739602025139344,
          -0.34831869694869555,
          0.5288286020522186,
          2.385694453875294
        ],
        [
          0.6309854069103421,
          -0.35389536052544013,
          0.6903734424682334,
          2.7051736216959106
        ],
        [
          -0.053319989109085926,
          0.8680046999947028,
          0.49368493962966425,
          2.2360189629794056
        ],
        [
          0.0,
          0.0,
          0.0,
          1.0
        ]
      ],
      "w": 1080.0,
      "h": 1920.0,
      "fl_x": 1473.224353050288,
      "fl_y": 1469.7330328806906,
      "k1": 0.0419155566922357,
      "k2": 0.05671384266533099,
      "k3": 0,
      "k4": 0,
      "p1": 0.0034206859014294373,
      "p2": 0.0031061871447300897,
      "cx": 540.0,
      "cy": 960.0,
      "is_fisheye": false,
      "camera_angle_x": 0.7026714691362883,
      "camera_angle_y": 1.1572147360969811,
      "fovx": 40.260109565766406,
      "fovy": 66.30352036870238
    },
    {
      "file_path": "images/00000058.png",
      "sharpness": 39.47034615455912,
      "transform_matrix": [
        [
          -0.7398870129716922,
          -0.37142564282442325,
          0.5609012390396743,
          2.5276141734482356
        ],
        [
          0.670754877005166,
          -0.34344118882721214,
          0.6573705536388258,
          2.6231938609123056
        ],
        [
          -0.05152769210870573,
          0.8626071769514806,
          0.5032432367020738,
          2.1499703410734146
        ],
        [
          0.0,
          0.0,
          0.0,
          1.0
        ]
      ],
      "w": 1080.0,
      "h": 1920.0,
      "fl_x": 1440.0586950154416,
      "fl_y": 1445.9486343334033,
      "k1": 0.14447825264214006,
      "k2": -0.27266018586882856,
      "k3": 0,
      "k4": 0,
      "p1": 0.001455685394775061,
      "p2": 0.0010379480887910896,
      "cx": 540.0,
      "cy": 960.0,
      "is_fisheye": false,
      "camera_angle_x": 0.7175145401219496,
      "camera_angle_y": 1.172202858965399,
      "fovx": 41.11055488825788,
      "fovy": 67.16227655188624
    },
    {
      "file_path": "images/00000057.png",
      "sharpness": 37.69333901844882,
      "transform_matrix": [
        [
          -0.705638545947551,
          -0.3818534588634873,
          0.5968770212489071,
          2.6306818752108527
        ],
        [
          0.7073721683883855,
          -0.3306287840218097,
          0.6247473269782381,
          2.4687565295828806
        ],
        [
          -0.04121720397627244,
          0.8630599881755832,
          0.5034169236084269,
          2.0752259963316475
        ],
        [
          0.0,
          0.0,
          0.0,
          1.0
        ]
      ],
      "w": 1080.0,
      "h": 1920.0,
      "fl_x": 1435.586920686739,
      "fl_y": 1443.5142288975394,
      "k1": 0.14045609745907023,
      "k2": -0.3050022112607244,
      "k3": 0,
      "k4": 0,
      "p1": 0.0004662278931618461,
      "p2": -0.003817732334932608,
      "cx": 540.0,
      "cy": 960.0,
      "is_fisheye": false,
      "camera_angle_x": 0.7195618733450562,
      "camera_angle_y": 1.1737562968212214,
      "fovx": 41.227858441198805,
      "fovy": 67.25128198476071
    },
    {
      "file_path": "images/00000056.png",
      "sharpness": 33.62831779621057,
      "transform_matrix": [
        [
          -0.6695565280540668,
          -0.39139109782707693,
          0.631274159418751,
          2.6891887654998405
        ],
        [
          0.7418122471053524,
          -0.30942011912391654,
          0.5949569563645168,
          2.2382214807770855
        ],
        [
          -0.0375319307041644,
          0.8666442167830071,
          0.49751297044682014,
          2.013779387746821
        ],
        [
          0.0,
          0.0,
          0.0,
          1.0
        ]
      ],
      "w": 1080.0,
      "h": 1920.0,
      "fl_x": 1430.1542624205272,
      "fl_y": 1436.723830036251,
      "k1": 0.08867389902417974,
      "k2": -0.11184243853046828,
      "k3": 0,
      "k4": 0,
      "p1": -0.0007232292714864231,
      "p2": -0.0057288925759230456,
      "cx": 540.0,
      "cy": 960.0,
      "is_fisheye": false,
      "camera_angle_x": 0.7220642152039245,
      "camera_angle_y": 1.1781086283322755,
      "fovx": 41.37123206861089,
      "fovy": 67.50065221138591
    },
    {
      "file_path": "images/00000055.png",
      "sharpness": 40.63462625056463,
      "transform_matrix": [
        [
          -0.6283710510482415,
          -0.4065247618063577,
          0.6632401075860561,
          2.7457224369508664
        ],
        [
          0.7769879187800114,
          -0.28640122419909314,
          0.5605926443040865,
          2.036402207119261
        ],
        [
          -0.037942012445530075,
          0.8675897399559924,
          0.495831066879949,
          1.9651350462860422
        ],
        [
          0.0,
          0.0,
          0.0,
          1.0
        ]
      ],
      "w": 1080.0,
      "h": 1920.0,
      "fl_x": 1432.231111746663,
      "fl_y": 1440.3754057768529,
      "k1": 0.10177837644539543,
      "k2": -0.17945725600242382,
      "k3": 0,
      "k4": 0,
      "p1": 0.002817365962105986,
      "p2": -0.002083145633235169,
      "cx": 540.0,
      "cy": 960.0,
      "is_fisheye": false,
      "camera_angle_x": 0.7211056331514383,
      "camera_angle_y": 1.1757646057921207,
      "fovx": 41.31630936268644,
      "fovy": 67.3663496127515
    },
    {
      "file_path": "images/00000054.png",
      "sharpness": 30.879188847070367,
      "transform_matrix": [
        [
          -0.5794549688031411,
          -0.4350766472146492,
          0.6891590892136312,
          2.6928487242638774
        ],
        [
          0.8135721181407088,
          -0.2586821937428921,
          0.5207532344835564,
          1.7990492243365277
        ],
        [
          -0.04829438624965413,
          0.8624336691892597,
          0.5038609119331957,
          1.8619545281600536
        ],
        [
          0.0,
          0.0,
          0.0,
          1.0
        ]
      ],
      "w": 1080.0,
      "h": 1920.0,
      "fl_x": 1416.7571731362036,
      "fl_y": 1423.5835842422384,
      "k1": 0.10799253077259562,
      "k2": -0.1079829238199837,
      "k3": 0,
      "k4": 0,
      "p1": 0.0016888164483221692,
      "p2": -0.003241174750873109,
      "cx": 540.0,
      "cy": 960.0,
      "is_fisheye": false,
      "camera_angle_x": 0.7283067409237614,
      "camera_angle_y": 1.186612167380809,
      "fovx": 41.728902445859404,
      "fovy": 67.98786910979157
    },
    {
      "file_path": "images/00000053.png",
      "sharpness": 31.05263309861356,
      "transform_matrix": [
        [
          -0.5212202717936432,
          -0.46494475397342355,
          0.7156506159376268,
          2.626758331642017
        ],
        [
          0.8515495924347648,
          -0.22781741371519657,
          0.47218906979406616,
          1.6013833009060148
        ],
        [
          -0.056504158437744305,
          0.8555265056234254,
          0.5146665700467105,
          1.80112464422447
        ],
        [
          0.0,
          0.0,
          0.0,
          1.0
        ]
      ],
      "w": 1080.0,
      "h": 1920.0,
      "fl_x": 1414.4997781929487,
      "fl_y": 1419.1805759186293,
      "k1": 0.08965249644044716,
      "k2": -0.12759816029472265,
      "k3": 0,
      "k4": 0,
      "p1": 0.0012459991283909164,
      "p2": -0.00505574437639644,
      "cx": 540.0,
      "cy": 960.0,
      "is_fisheye": false,
      "camera_angle_x": 0.7293687654204076,
      "camera_angle_y": 1.1894857206813265,
      "fovx": 41.78975196725674,
      "fovy": 68.15251158611711
    },
    {
      "file_path": "images/00000052.png",
      "sharpness": 37.367271862279225,
      "transform_matrix": [
        [
          -0.4530223998156396,
          -0.49804280826526953,
          0.739407916152156,
          2.55137684053816
        ],
        [
          0.8897639381221946,
          -0.20086921312754177,
          0.40984349895476774,
          1.4151902729784085
        ],
        [
          -0.055595320870937576,
          0.8435667847995952,
          0.5341387834156613,
          1.7424052891606645
        ],
        [
          0.0,
          0.0,
          0.0,
          1.0
        ]
      ],
      "w": 1080.0,
      "h": 1920.0,
      "fl_x": 1404.3021229120768,
      "fl_y": 1410.5009717142739,
      "k1": 0.10460856167937915,
      "k2": -0.15876494849445666,
      "k3": 0,
      "k4": 0,
      "p1": 0.001772568689922029,
      "p2": 0.0005497642768067108,
      "cx": 540.0,
      "cy": 960.0,
      "is_fisheye": false,
      "camera_angle_x": 0.7342034970144783,
      "camera_angle_y": 1.1951862913027878,
      "fovx": 42.06676168267555,
      "fovy": 68.47913022354311
    },
    {
      "file_path": "images/00000051.png",
      "sharpness": 32.800744541087624,
      "transform_matrix": [
        [
          -0.39089953296105984,
          -0.5162821207946577,
          0.7620041515284197,
          2.515961204278383
        ],
        [
          0.9194201727403136,
          -0.1801853136614887,
          0.3495708779340227,
          1.1891979058422684
        ],
        [
          -0.04317523717332283,
          0.837249081548293,
          0.5451145516404778,
          1.6842451500213866
        ],
        [
          0.0,
          0.0,
          0.0,
          1.0
        ]
      ],
      "w": 1080.0,
      "h": 1920.0,
      "fl_x": 1395.7822221280903,
      "fl_y": 1404.2418921459937,
      "k1": 0.12318242781407956,
      "k2": -0.18748265940830774,
      "k3": 0,
      "k4": 0,
      "p1": 0.000564113982490357,
      "p2": 0.0015722362632984677,
      "cx": 540.0,
      "cy": 960.0,
      "is_fisheye": false,
      "camera_angle_x": 0.7382899562660232,
      "camera_angle_y": 1.1993269657886674,
      "fovx": 42.30089855094126,
      "fovy": 68.71637339592152
    },
    {
      "file_path": "images/00000050.png",
      "sharpness": 32.70772665603329,
      "transform_matrix": [
        [
          -0.33904755846756873,
          -0.5208482370511495,
          0.783430831104981,
          2.4993477669354167
        ],
        [
          0.9403233779065601,
          -0.16198636917541326,
          0.299253005272201,
          0.9463501150571394
        ],
        [
          -0.02896028439751192,
          0.8381393262624017,
          0.5446868566145638,
          1.587084670307733
        ],
        [
          0.0,
          0.0,
          0.0,
          1.0
        ]
      ],
      "w": 1080.0,
      "h": 1920.0,
      "fl_x": 1395.2526094588043,
      "fl_y": 1400.7145068461857,
      "k1": 0.09231075843967922,
      "k2": -0.10958526464224122,
      "k3": 0,
      "k4": 0,
      "p1": -0.001980840946657287,
      "p2": 0.0018736153675186905,
      "cx": 540.0,
      "cy": 960.0,
      "is_fisheye": false,
      "camera_angle_x": 0.7385454114279507,
      "camera_angle_y": 1.2016716007975348,
      "fovx": 42.31553505357453,
      "fovy": 68.85071108642823
    },
    {
      "file_path": "images/00000049.png",
      "sharpness": 27.53308349542021,
      "transform_matrix": [
        [
          -0.29024659816508197,
          -0.5194032021324253,
          0.8037270842370136,
          2.5248217520745877
        ],
        [
          0.9568071931325912,
          -0.1429080460440556,
          0.25317441724290213,
          0.7133174377106956
        ],
        [
          -0.016640535852976337,
          0.8424948688606383,
          0.5384472941511117,
          1.5136741516951395
        ],
        [
          0.0,
          0.0,
          0.0,
          1.0
        ]
      ],
      "w": 1080.0,
      "h": 1920.0,
      "fl_x": 1398.207558650807,
      "fl_y": 1403.1437747271818,
      "k1": 0.055396152794772925,
      "k2": -0.04485795516379666,
      "k3": 0,
      "k4": 0,
      "p1": -0.0010849834788497297,
      "p2": 0.00036273633674036596,
      "cx": 540.0,
      "cy": 960.0,
      "is_fisheye": false,
      "camera_angle_x": 0.7371222623354362,
      "camera_angle_y": 1.2000560181468796,
      "fovx": 42.233994616955584,
      "fovy": 68.75814501909113
    },
    {
      "file_path": "images/00000048.png",
      "sharpness": 32.20618598085044,
      "transform_matrix": [
        [
          -0.23500859151344905,
          -0.5113116468567778,
          0.8266385919925501,
          2.5792662969949447
        ],
        [
          0.9719666647277041,
          -0.11732642970877463,
          0.20375306513173178,
          0.4946144552287706
        ],
        [
          -0.007194760626647723,
          0.8513488760473605,
          0.5245505950249727,
          1.5205960092838826
        ],
        [
          0.0,
          0.0,
          0.0,
          1.0
        ]
      ],
      "w": 1080.0,
      "h": 1920.0,
      "fl_x": 1397.0579640539677,
      "fl_y": 1405.611990442538,
      "k1": 0.1096445313071817,
      "k2": -0.18723203166120084,
      "k3": 0,
      "k4": 0,
      "p1": -0.00020685847275304434,
      "p2": 0.0014217236592751308,
      "cx": 540.0,
      "cy": 960.0,
      "is_fisheye": false,
      "camera_angle_x": 0.7376753023576986,
      "camera_angle_y": 1.1984184311933688,
      "fovx": 42.26568147613303,
      "fovy": 68.66431819806927
    },
    {
      "file_path": "images/00000047.png",
      "sharpness": 36.42609951468723,
      "transform_matrix": [
        [
          -0.1726494774958083,
          -0.5042582171295089,
          0.846118081857222,
          2.6152310737947877
        ],
        [
          0.9849833080954243,
          -0.08856313716882225,
          0.14820409410300225,
          0.2699315757291538
        ],
        [
          0.00020173948086804004,
          0.8589995467167043,
          0.5119763062001113,
          1.5563737368142918
        ],
        [
          0.0,
          0.0,
          0.0,
          1.0
        ]
      ],
      "w": 1080.0,
      "h": 1920.0,
      "fl_x": 1399.3798604724711,
      "fl_y": 1404.643845385842,
      "k1": 0.07513140705917534,
      "k2": -0.08644917916514916,
      "k3": 0,
      "k4": 0,
      "p1": -0.0009049487821172049,
      "p2": 0.0021132640955740236,
      "cx": 540.0,
      "cy": 960.0,
      "is_fisheye": false,
      "camera_angle_x": 0.7365591128376777,
      "camera_angle_y": 1.1990602987922658,
      "fovx": 42.20172852749911,
      "fovy": 68.70109450249227
    },
    {
      "file_path": "images/00000046.png",
      "sharpness": 38.5805051946581,
      "transform_matrix": [
        [
          -0.10417213226430642,
          -0.5055377436578501,
          0.8564927067201383,
          2.6567814297563443
        ],
        [
          0.9945408546025295,
          -0.05819246820508334,
          0.08661480919191336,
          0.08449464866155246
        ],
        [
          0.006054369397462333,
          0.8608398378614677,
          0.5088399731059592,
          1.6155426920263896
        ],
        [
          0.0,
          0.0,
          0.0,
          1.0
        ]
      ],
      "w": 1080.0,
      "h": 1920.0,
      "fl_x": 1401.344733005201,
      "fl_y": 1409.6207936129786,
      "k1": 0.06718191421518671,
      "k2": -0.08268167752794392,
      "k3": 0,
      "k4": 0,
      "p1": -0.0007975068252735033,
      "p2": 0.0027828352889634187,
      "cx": 540.0,
      "cy": 960.0,
      "is_fisheye": false,
      "camera_angle_x": 0.7356170683692923,
      "camera_angle_y": 1.1957670529987894,
      "fovx": 42.14775335534698,
      "fovy": 68.51240541762687
    },
    {
      "file_path": "images/00000045.png",
      "sharpness": 25.638369916247793,
      "transform_matrix": [
        [
          -0.0363355564206617,
          -0.520036738681748,
          0.8533706802022221,
          2.6708979674855255
        ],
        [
          0.9993019331402369,
          -0.026326190521526228,
          0.026506190135337893,
          -0.0924000339432977
        ],
        [
          0.008681806439628712,
          0.8537380875784387,
          0.5206302950496511,
          1.6159160307602196
        ],
        [
          0.0,
          0.0,
          0.0,
          1.0
        ]
      ],
      "w": 1080.0,
      "h": 1920.0,
      "fl_x": 1405.1422908871093,
      "fl_y": 1401.8696182594172,
      "k1": 0.09231877414332892,
      "k2": -0.1086652475161296,
      "k3": 0,
      "k4": 0,
      "p1": -0.0008165873244477528,
      "p2": -0.0010139589721014626,
      "cx": 540.0,
      "cy": 960.0,
      "is_fisheye": false,
      "camera_angle_x": 0.7338028595843193,
      "camera_angle_y": 1.2009029195574366,
      "fovx": 42.04380684881247,
      "fovy": 68.80666889557972
    },
    {
      "file_path": "images/00000044.png",
      "sharpness": 32.73515402402155,
      "transform_matrix": [
        [
          0.03063718410841727,
          -0.5341906155838014,
          0.8448087057080185,
          2.6760897765758407
        ],
        [
          0.9994676848692288,
          0.006891823811124666,
          -0.03188808033389859,
          -0.2616458905534429
        ],
        [
          0.01121204050950705,
          0.8453359622394166,
          0.5341174039113544,
          1.5945988413082006
        ],
        [
          0.0,
          0.0,
          0.0,
          1.0
        ]
      ],
      "w": 1080.0,
      "h": 1920.0,
      "fl_x": 1405.7459313546383,
      "fl_y": 1403.3022809497982,
      "k1": 0.09979737111002532,
      "k2": -0.14903754052548251,
      "k3": 0,
      "k4": 0,
      "p1": -0.00033570500548928443,
      "p2": 0.0020369554517683276,
      "cx": 540.0,
      "cy": 960.0,
      "is_fisheye": false,
      "camera_angle_x": 0.7335152688442796,
      "camera_angle_y": 1.1999507361026482,
      "fovx": 42.027329113181146,
      "fovy": 68.75211280229816
    },
    {
      "file_path": "images/00000043.png",
      "sharpness": 31.063937574531312,
      "transform_matrix": [
        [
          0.09285492690101702,
          -0.5370192894979573,
          0.8384439428639624,
          2.616776914471001
        ],
        [
          0.9956173471398453,
          0.04065810339808169,
          -0.08422004929331509,
          -0.48339814029113043
        ],
        [
          0.011138250510520753,
          0.842589580640421,
          0.5384410255918436,
          1.5468779125112255
        ],
        [
          0.0,
          0.0,
          0.0,
          1.0
        ]
      ],
      "w": 1080.0,
      "h": 1920.0,
      "fl_x": 1408.23887969811,
      "fl_y": 1405.0028782541642,
      "k1": 0.08734270369411135,
      "k2": -0.1177462917204074,
      "k3": 0,
      "k4": 0,
      "p1": -6.0556460071487866e-05,
      "p2": 0.00026843533945782033,
      "cx": 540.0,
      "cy": 960.0,
      "is_fisheye": false,
      "camera_angle_x": 0.7323298369206634,
      "camera_angle_y": 1.198822194311158,
      "fovx": 41.959408867057874,
      "fovy": 68.68745212064165
    },
    {
      "file_path": "images/00000042.png",
      "sharpness": 32.567842224469025,
      "transform_matrix": [
        [
          0.15230432668607416,
          -0.5309352194625069,
          0.8336133305525724,
          2.469934203509678
        ],
        [
          0.9883236439957054,
          0.07802317721342818,
          -0.1308768831278196,
          -0.6904167989365191
        ],
        [
          0.004445986048858354,
          0.8438128800986694,
          0.5366190982962439,
          1.451959229054056
        ],
        [
          0.0,
          0.0,
          0.0,
          1.0
        ]
      ],
      "w": 1080.0,
      "h": 1920.0,
      "fl_x": 1404.8767052671124,
      "fl_y": 1398.3827377058224,
      "k1": 0.080377014915641,
      "k2": -0.10376422828129406,
      "k3": 0,
      "k4": 0,
      "p1": -0.00040528256444952556,
      "p2": 0.001534725867279712,
      "cx": 540.0,
      "cy": 960.0,
      "is_fisheye": false,
      "camera_angle_x": 0.7339294600113627,
      "camera_angle_y": 1.203225932452923,
      "fovx": 42.05106051896661,
      "fovy": 68.93976773024556
    },
    {
      "file_path": "images/00000041.png",
      "sharpness": 29.859986855570476,
      "transform_matrix": [
        [
          0.2174545850326638,
          -0.5222349696840027,
          0.8246115085028659,
          2.3207632277007884
        ],
        [
          0.9760681502884745,
          0.11451639402066092,
          -0.18487012060801336,
          -0.8902273267606536
        ],
        [
          0.0021141054095179983,
          0.845077885172735,
          0.5346390358166221,
          1.4028476474937124
        ],
        [
          0.0,
          0.0,
          0.0,
          1.0
        ]
      ],
      "w": 1080.0,
      "h": 1920.0,
      "fl_x": 1409.938164840166,
      "fl_y": 1399.4639104837281,
      "k1": 0.06327649260687183,
      "k2": -0.07618518368967991,
      "k3": 0,
      "k4": 0,
      "p1": 0.0010181721772189673,
      "p2": 0.000810032771277279,
      "cx": 540.0,
      "cy": 960.0,
      "is_fisheye": false,
      "camera_angle_x": 0.7315238978384596,
      "camera_angle_y": 1.2025047966182432,
      "fovx": 41.91323195910294,
      "fovy": 68.89844969046277
    },
    {
      "file_path": "images/00000040.png",
      "sharpness": 33.74870936615496,
      "transform_matrix": [
        [
          0.29382615822112423,
          -0.5133034789400307,
          0.8063409497979297,
          2.1604092478790617
        ],
        [
          0.9558405771367459,
          0.1525642243924083,
          -0.25118309763022706,
          -1.0544837732176133
        ],
        [
          0.005914376262769954,
          0.8445375634106161,
          0.5354636534915455,
          1.3588168193539116
        ],
        [
          0.0,
          0.0,
          0.0,
          1.0
        ]
      ],
      "w": 1080.0,
      "h": 1920.0,
      "fl_x": 1407.9634617727131,
      "fl_y": 1399.1928687608684,
      "k1": 0.0670618069341891,
      "k2": -0.08386398000694321,
      "k3": 0,
      "k4": 0,
      "p1": -0.00035062219223520755,
      "p2": 0.0004396163198852518,
      "cx": 540.0,
      "cy": 960.0,
      "is_fisheye": false,
      "camera_angle_x": 0.7324606222019217,
      "camera_angle_y": 1.2026855086736772,
      "fovx": 41.966902311696394,
      "fovy": 68.90880372854626
    },
    {
      "file_path": "images/00000039.png",
      "sharpness": 31.47506571967542,
      "transform_matrix": [
        [
          0.3715095925121259,
          -0.5004165060143554,
          0.7820255387439785,
          2.0192899635043964
        ],
        [
          0.9284058877036431,
          0.19427774652806679,
          -0.3167312186726589,
          -1.1273432459465698
        ],
        [
          0.006567370399263126,
          0.8437058004894717,
          0.5367656769346291,
          1.3647905018413993
        ],
        [
          0.0,
          0.0,
          0.0,
          1.0
        ]
      ],
      "w": 1080.0,
      "h": 1920.0,
      "fl_x": 1407.0526932478251,
      "fl_y": 1392.5557450979943,
      "k1": 0.09649368607758153,
      "k2": -0.1464471546070304,
      "k3": 0,
      "k4": 0,
      "p1": 0.0005352529274056934,
      "p2": 0.0019290249362191906,
      "cx": 540.0,
      "cy": 960.0,
      "is_fisheye": false,
      "camera_angle_x": 0.7328934286327288,
      "camera_angle_y": 1.2071255840854616,
      "fovx": 41.991700293527764,
      "fovy": 69.16320131036132
    },
    {
      "file_path": "images/00000038.png",
      "sharpness": 24.260296585134412,
      "transform_matrix": [
        [
          0.44270474240503505,
          -0.487653419303526,
          0.752467044967168,
          1.8583407961211584
        ],
        [
          0.8964572132541868,
          0.22253782303574024,
          -0.3831988806399776,
          -1.1200136303737873
        ],
        [
          0.01941586632423876,
          0.8441984719404996,
          0.535678974925129,
          1.3710219298726578
        ],
        [
          0.0,
          0.0,
          0.0,
          1.0
        ]
      ],
      "w": 1080.0,
      "h": 1920.0,
      "fl_x": 1408.0902744624448,
      "fl_y": 1390.5523756931343,
      "k1": 0.08572611305664397,
      "k2": -0.1404243598777622,
      "k3": 0,
      "k4": 0,
      "p1": 0.00041274380788332206,
      "p2": 0.0029890758951751505,
      "cx": 540.0,
      "cy": 960.0,
      "is_fisheye": false,
      "camera_angle_x": 0.7324003982379149,
      "camera_angle_y": 1.2084714341457432,
      "fovx": 41.963451732733255,
      "fovy": 69.24031283867289
    },
    {
      "file_path": "images/00000037.png",
      "sharpness": 27.835972099641186,
      "transform_matrix": [
        [
          0.5101349834038791,
          -0.48127781648611706,
          0.7128351577565677,
          1.6931035274835338
        ],
        [
          0.8587930831813547,
          0.23944860550296448,
          -0.45292251611421236,
          -1.0895782103916098
        ],
        [
          0.047294175114550495,
          0.8432295231709971,
          0.5354691702812396,
          1.420257879511247
        ],
        [
          0.0,
          0.0,
          0.0,
          1.0
        ]
      ],
      "w": 1080.0,
      "h": 1920.0,
      "fl_x": 1409.5176998978811,
      "fl_y": 1387.2623275117335,
      "k1": 0.0791290486622106,
      "k2": -0.13134729985237742,
      "k3": 0,
      "k4": 0,
      "p1": -0.0009408118152337497,
      "p2": 0.0048137750557035106,
      "cx": 540.0,
      "cy": 960.0,
      "is_fisheye": false,
      "camera_angle_x": 0.7317231587101904,
      "camera_angle_y": 1.2106873728663097,
      "fovx": 41.924648766075215,
      "fovy": 69.36727677502097
    },
    {
      "file_path": "images/00000036.png",
      "sharpness": 26.530996731440162,
      "transform_matrix": [
        [
          0.5686969040527645,
          -0.4750608546742903,
          0.6714916349031345,
          1.5485246932672012
        ],
        [
          0.8205333092380706,
          0.27055560764020525,
          -0.5035124145499701,
          -1.0296090307203973
        ],
        [
          0.057523210688692025,
          0.8373272046194514,
          0.5436673916144608,
          1.4724637208852696
        ],
        [
          0.0,
          0.0,
          0.0,
          1.0
        ]
      ],
      "w": 1080.0,
      "h": 1920.0,
      "fl_x": 1391.511668860266,
      "fl_y": 1375.479549238923,
      "k1": 0.1159003513342035,
      "k2": -0.19412669509201996,
      "k3": 0,
      "k4": 0,
      "p1": -0.0006652278215889053,
      "p2": 0.002476962682292642,
      "cx": 540.0,
      "cy": 960.0,
      "is_fisheye": false,
      "camera_angle_x": 0.740354643496666,
      "camera_angle_y": 1.218682003525452,
      "fovx": 42.41919641527164,
      "fovy": 69.8253353705557
    },
    {
      "file_path": "images/00000035.png",
      "sharpness": 35.746127878922316,
      "transform_matrix": [
        [
          0.6165889086480021,
          -0.46717656398476476,
          0.6336909150868472,
          1.403042973948347
        ],
        [
          0.785136765915019,
          0.3054617738432925,
          -0.5387516714866829,
          -1.0094445579322169
        ],
        [
          0.05812380373538969,
          0.8297223408152768,
          0.5551418383260077,
          1.5085708155513473
        ],
        [
          0.0,
          0.0,
          0.0,
          1.0
        ]
      ],
      "w": 1080.0,
      "h": 1920.0,
      "fl_x": 1380.8233465128303,
      "fl_y": 1372.5714477105307,
      "k1": 0.12432459560561339,
      "k2": -0.20002060101320815,
      "k3": 0,
      "k4": 0,
      "p1": -0.001642775502808193,
      "p2": 0.0008191258487850234,
      "cx": 540.0,
      "cy": 960.0,
      "is_fisheye": false,
      "camera_angle_x": 0.7455707284921744,
      "camera_angle_y": 1.2206693556309358,
      "fovx": 42.718056071095795,
      "fovy": 69.93920225860637
    },
    {
      "file_path": "images/00000034.png",
      "sharpness": 27.196731751943005,
      "transform_matrix": [
        [
          0.6577944106795764,
          -0.4525464456670918,
          0.6020865617672776,
          1.286678204797305
        ],
        [
          0.7517401574816618,
          0.3447570268004141,
          -0.5621648584729088,
          -1.0132744644644285
        ],
        [
          0.04683213566948808,
          0.8224015485444803,
          0.5669765816053671,
          1.4991664779986273
        ],
        [
          0.0,
          0.0,
          0.0,
          1.0
        ]
      ],
      "w": 1080.0,
      "h": 1920.0,
      "fl_x": 1368.9806875841741,
      "fl_y": 1364.1401233755953,
      "k1": 0.13760432993410635,
      "k2": -0.22779280896854157,
      "k3": 0,
      "k4": 0,
      "p1": -0.0035267391190162167,
      "p2": -0.0038412002476033323,
      "cx": 540.0,
      "cy": 960.0,
      "is_fisheye": false,
      "camera_angle_x": 0.7514325529962329,
      "camera_angle_y": 1.2264632763779466,
      "fovx": 43.053913875424705,
      "fovy": 70.27116946424337
    },
    {
      "file_path": "images/00000033.png",
      "sharpness": 23.04991797664778,
      "transform_matrix": [
        [
          0.6961545769737546,
          -0.4367704415286179,
          0.5697371204628852,
          1.2258933245936248
        ],
        [
          0.7166184785825368,
          0.3755444769302237,
          -0.5877280850886195,
          -1.1572385208165517
        ],
        [
          0.042740626330959465,
          0.817433744908571,
          0.5744347757702508,
          1.484665569245463
        ],
        [
          0.0,
          0.0,
          0.0,
          1.0
        ]
      ],
      "w": 1080.0,
      "h": 1920.0,
      "fl_x": 1377.9877523530065,
      "fl_y": 1370.8572517914513,
      "k1": 0.08382270303509387,
      "k2": -0.11053213404129972,
      "k3": 0,
      "k4": 0,
      "p1": -0.00036207943688637594,
      "p2": -0.003121119880071404,
      "cx": 540.0,
      "cy": 960.0,
      "is_fisheye": false,
      "camera_angle_x": 0.7469663265078731,
      "camera_angle_y": 1.2218434624898642,
      "fovx": 42.79801794729215,
      "fovy": 70.00647362632033
    },
    {
      "file_path": "images/00000032.png",
      "sharpness": 48.424038793772034,
      "transform_matrix": [
        [
          0.733727203104323,
          -0.4151490080665629,
          0.5378621501779126,
          1.1949770138020208
        ],
        [
          0.6781920233192218,
          0.39945249948900086,
          -0.616841373579019,
          -1.3688412527543896
        ],
        [
          0.041230704106650445,
          0.8173671156911481,
          0.5746399109827259,
          1.5189556128666544
        ],
        [
          0.0,
          0.0,
          0.0,
          1.0
        ]
      ],
      "w": 1080.0,
      "h": 1920.0,
      "fl_x": 1393.438698248283,
      "fl_y": 1384.381145492577,
      "k1": 0.06846799163109088,
      "k2": -0.09088208824830797,
      "k3": 0,
      "k4": 0,
      "p1": 0.0012548913306383422,
      "p2": -0.0006392460559913452,
      "cx": 540.0,
      "cy": 960.0,
      "is_fisheye": false,
      "camera_angle_x": 0.7394216189938732,
      "camera_angle_y": 1.212633774505954,
      "fovx": 42.36573804907932,
      "fovy": 69.47879737420993
    },
    {
      "file_path": "images/00000031.png",
      "sharpness": 34.648103738658655,
      "transform_matrix": [
        [
          0.7732871389884844,
          -0.38903496705469914,
          0.5006783350133144,
          1.164769655135675
        ],
        [
          0.6326965959349764,
          0.42176518893276654,
          -0.6494683540385024,
          -1.6104029205808896
        ],
        [
          0.04149720715500497,
          0.8190030035793093,
          0.5722866956299406,
          1.4883363008801698
        ],
        [
          0.0,
          0.0,
          0.0,
          1.0
        ]
      ],
      "w": 1080.0,
      "h": 1920.0,
      "fl_x": 1397.022316157305,
      "fl_y": 1387.9540022495726,
      "k1": 0.047373209633853275,
      "k2": -0.04288638083326884,
      "k3": 0,
      "k4": 0,
      "p1": -0.00030194334139593593,
      "p2": -0.0003662457202812564,
      "cx": 540.0,
      "cy": 960.0,
      "is_fisheye": false,
      "camera_angle_x": 0.7376924642911772,
      "camera_angle_y": 1.2102209207372316,
      "fovx": 42.26666478248964,
      "fovy": 69.3405510366799
    },
    {
      "file_path": "images/00000030.png",
      "sharpness": 43.274773777661224,
      "transform_matrix": [
        [
          0.8096883479383682,
          -0.3551252161190464,
          0.4672160743779988,
          1.1427474639499202
        ],
        [
          0.5859413215271027,
          0.4446662071626451,
          -0.6774545976929678,
          -1.8293322169295676
        ],
        [
          0.03282601069747182,
          0.8222882980690208,
          0.5681235851019343,
          1.4806074406761305
        ],
        [
          0.0,
          0.0,
          0.0,
          1.0
        ]
      ],
      "w": 1080.0,
      "h": 1920.0,
      "fl_x": 1399.6664912205529,
      "fl_y": 1385.660634716134,
      "k1": 0.06673289585762407,
      "k2": -0.06755484568457079,
      "k3": 0,
      "k4": 0,
      "p1": 0.0005677584804724091,
      "p2": -0.0010636848951140795,
      "cx": 540.0,
      "cy": 960.0,
      "is_fisheye": false,
      "camera_angle_x": 0.7364215462871627,
      "camera_angle_y": 1.2117687319580845,
      "fovx": 42.193846544752425,
      "fovy": 69.42923408711776
    },
    {
      "file_path": "images/00000013.png",
      "sharpness": 32.97680496161192,
      "transform_matrix": [
        [
          0.9309812355677266,
          0.18763996516394432,
          -0.31315360857255586,
          -1.3170340530451485
        ],
        [
          -0.36452903302718853,
          0.5243604136365112,
          -0.7695224107794979,
          -2.830723142043149
        ],
        [
          0.019812197371332076,
          0.8305645069064814,
          0.5565699208285917,
          1.7844030446844583
        ],
        [
          0.0,
          0.0,
          0.0,
          1.0
        ]
      ],
      "w": 1080.0,
      "h": 1920.0,
      "fl_x": 1470.219367195377,
      "fl_y": 1443.2320047348967,
      "k1": -0.04464335415482973,
      "k2": 0.21528579398896977,
      "k3": 0,
      "k4": 0,
      "p1": -0.0023130371810550342,
      "p2": 0.008528471781527748,
      "cx": 540.0,
      "cy": 960.0,
      "is_fisheye": false,
      "camera_angle_x": 0.7039920392633846,
      "camera_angle_y": 1.173936624191223,
      "fovx": 40.33577266060008,
      "fovy": 67.2616139819925
    },
    {
      "file_path": "images/00000012.png",
      "sharpness": 26.39542910998705,
      "transform_matrix": [
        [
          0.9164334518911155,
          0.2123733848738251,
          -0.3391861932922974,
          -1.4619896858055468
        ],
        [
          -0.39999089575987684,
          0.5126378095768132,
          -0.7597432194512691,
          -2.8030131963954976
        ],
        [
          0.012530428018257564,
          0.8319254904369645,
          0.5547458578516175,
          1.7617459974559169
        ],
        [
          0.0,
          0.0,
          0.0,
          1.0
        ]
      ],
      "w": 1080.0,
      "h": 1920.0,
      "fl_x": 1464.6599886900876,
      "fl_y": 1441.614734523693,
      "k1": -0.021920882470374558,
      "k2": 0.11189734797381064,
      "k3": 0,
      "k4": 0,
      "p1": -0.0018599264981164264,
      "p2": 0.003214306308224351,
      "cx": 540.0,
      "cy": 960.0,
      "is_fisheye": false,
      "camera_angle_x": 0.706447743067403,
      "camera_angle_y": 1.1749709238835067,
      "fovx": 40.47647412430455,
      "fovy": 67.32087498911203
    },
    {
      "file_path": "images/00000011.png",
      "sharpness": 31.837943662970243,
      "transform_matrix": [
        [
          0.9010913149986156,
          0.234875480601715,
          -0.36451056324080744,
          -1.5841621004676925
        ],
        [
          -0.4336145906116063,
          0.4950030453968628,
          -0.752961069283958,
          -2.7174569453941606
        ],
        [
          0.0035817458610746564,
          0.836543778717114,
          0.5478883804707955,
          1.7153216223337833
        ],
        [
          0.0,
          0.0,
          0.0,
          1.0
        ]
      ],
      "w": 1080.0,
      "h": 1920.0,
      "fl_x": 1451.9680462673264,
      "fl_y": 1427.6446919079792,
      "k1": 0.04166045865996845,
      "k2": 0.007948198684145494,
      "k3": 0,
      "k4": 0,
      "p1": -0.001115172695339949,
      "p2": 0.0005768485323364957,
      "cx": 540.0,
      "cy": 960.0,
      "is_fisheye": false,
      "camera_angle_x": 0.7121160241054635,
      "camera_angle_y": 1.1839725609846665,
      "fovx": 40.80124270487945,
      "fovy": 67.83663080371687
    },
    {
      "file_path": "images/00000010.png",
      "sharpness": 28.51868102244777,
      "transform_matrix": [
        [
          0.8819851798573739,
          0.25561634859862736,
          -0.3959323489044699,
          -1.7141000253889807
        ],
        [
          -0.47127713937500504,
          0.478341803127125,
          -0.7410040332442748,
          -2.6236436766512696
        ],
        [
          -2.175158343527125e-05,
          0.8401484403137174,
          0.5423565228094239,
          1.6708484608478011
        ],
        [
          0.0,
          0.0,
          0.0,
          1.0
        ]
      ],
      "w": 1080.0,
      "h": 1920.0,
      "fl_x": 1435.620786199233,
      "fl_y": 1429.6243942243448,
      "k1": -0.019361715438463024,
      "k2": 0.18145952272424729,
      "k3": 0,
      "k4": 0,
      "p1": 0.0001773162200382081,
      "p2": 0.009351124049010756,
      "cx": 540.0,
      "cy": 960.0,
      "is_fisheye": false,
      "camera_angle_x": 0.7195463265458253,
      "camera_angle_y": 1.1826895550198464,
      "fovx": 41.22696767521794,
      "fovy": 67.76311997684256
    },
    {
      "file_path": "images/00000009.png",
