{"frames": [{"file_path": "images/00000000.png", "transform_matrix": [[0.5250383857004993, 0.30639472162244, -0.7940132040280387, -4.009087012436809], [-0.8500288161360217, 0.14246201451424284, -0.5071051036615755, -2.387299582393198], [-0.04225760647296412, 0.9411837488232818, 0.3352423686152482, 1.3675979183907485], [0.0, 0.0, 0.0, 1.0]]}, {"file_path": "images/00000001.png", "transform_matrix": [[0.5256130587841146, 0.30626336419543737, -0.7936836046279715, -3.906814740669171], [-0.8496849954321498, 0.14290156151129535, -0.5075574373957897, -2.3224639357468853], [-0.04202762185199883, 0.9411598671511191, 0.3353383120584137, 1.457182981538982], [0.0, 0.0, 0.0, 1.0]]}, {"file_path": "images/00000002.png", "transform_matrix": [[0.526157326856058, 0.30600449645238836, -0.7934227849101374, -3.799329311029827], [-0.8493517661342787, 0.14307346103811425, -0.5080664937897765, -2.266224151151915], [-0.0419528876928781, 0.941217951892163, 0.3351846093107256, 1.4019813138331074], [0.0, 0.0, 0.0, 1.0]]}, {"file_path": "images/00000003.png", "transform_matrix": [[0.5267109642961116, 0.30576498430421345, -0.7931477381494909, -3.9046704276229085], [-0.8490142600446873, 0.14330752814028974, -0.5085643898463331, -2.3319840327157837], [-0.04183714087478134, 0.9412601801937353, 0.33508047823428133, 1.367182532003704], [0.0, 0.0, 0.0, 1.0]]}, {"file_path": "images/00000004.png", "transform_matrix": [[0.5270382676549653, 0.3058284840458118, -0.7929057969528552, -3.812593625043169], [-0.8488083951751436, 0.14344036184358716, -0.5088704853644578, -2.2394676607351], [-0.041892394691874134, 0.9412193161038486, 0.33518834455961793, 1.441794708427814], [0.0, 0.0, 0.0, 1.0]]}, {"file_path": "images/00000005.png", "transform_matrix": [[0.5274421054651116, 0.3054092212459507, -0.79279886038542, -3.899569641422347], [-0.8485780824441207, 0.14382491762628055, -0.5091459820777661, -2.3515897292873764], [-0.04147364709773371, 0.9412967654859451, 0.33502288869679264, 1.4669579405301738], [0.0, 0.0, 0.0, 1.0]]}, {"file_path": "images/00000006.png", "transform_matrix": [[0.5277395669081598, 0.3054920518857297, -0.7925689596635634, -3.922047482791303], [-0.8483808416258223, 0.1437398092410858, -0.5094985915606421, -2.1846400231593717], [-0.04172405909630377, 0.9412828870964092, 0.33503078876516684, 1.5032686966920092], [0.0, 0.0, 0.0, 1.0]]}, {"file_path": "images/00000007.png", "transform_matrix": [[0.5279865512156313, 0.3055749191833338, -0.7923724948340084, -3.8569285246390828], [-0.8482147818652092, 0.143630716883564, -0.5098057482939448, -2.043781240164401], [-0.04197482086229484, 0.9412726416932466, 0.33502825027455224, 1.530079550169158], [0.0, 0.0, 0.0, 1.0]]}, {"file_path": "images/00000008.png", "transform_matrix": [[0.5285281107794678, 0.3052186446916456, -0.7921487329513505, -3.7577535057288687], [-0.8478956802268697, 0.14406633403543326, -0.5102134914434208, -1.975598581727891], [-0.0416047063946391, 0.9413216614934278, 0.3349366777134172, 1.636900506319234], [0.0, 0.0, 0.0, 1.0]]}, {"file_path": "images/00000009.png", "transform_matrix": [[0.5291196330397908, 0.304971286871767, -0.7918490564391449, -3.647116835511231], [-0.8475209266535549, 0.14405475603324364, -0.5108390217565443, -1.9261448253796694], [-0.04172161120891274, 0.9414036018172776, 0.3346917473022334, 1.6246922247975264], [0.0, 0.0, 0.0, 1.0]]}, {"file_path": "images/00000010.png", "transform_matrix": [[0.5294571434291941, 0.3044774865907849, -0.7918134840346582, -3.5590349649984994], [-0.8473258202705598, 0.1442501086972341, -0.5111074842382384, -1.8151804584295466], [-0.04140154103866205, 0.9415335184510176, 0.3343658865696434, 1.6198808579321635], [0.0, 0.0, 0.0, 1.0]]}, {"file_path": "images/00000011.png", "transform_matrix": [[0.5299582781748323, 0.3041714030726302, -0.7915958444905723, -3.666287720741381], [-0.8470268699355099, 0.14461606947128583, -0.5114994370071299, -1.878295447276039], [-0.041106021785288355, 0.9415763113365021, 0.33428183464191674, 1.5988720696434133], [0.0, 0.0, 0.0, 1.0]]}, {"file_path": "images/00000012.png", "transform_matrix": [[0.5310675592888819, 0.3038918837900896, -0.7909595252005049, -3.595159873797317], [-0.8463612527616893, 0.1456355911806603, -0.5123113354258378, -1.9498437379169906], [-0.04049539875702327, 0.9415094251331191, 0.3345446534225964, 1.8181774161027333], [0.0, 0.0, 0.0, 1.0]]}, {"file_path": "images/00000013.png", "transform_matrix": [[0.5314116728842139, 0.30374236563969714, -0.7907858175928226, -3.501741479891281], [-0.846167006634048, 0.14620971869622332, -0.5124686478638745, -1.8554241693407048], [-0.04003786747913963, 0.9414686896232312, 0.3347143195255773, 1.8866557062801723], [0.0, 0.0, 0.0, 1.0]]}, {"file_path": "images/00000014.png", "transform_matrix": [[0.5318616683442766, 0.30333237812697456, -0.7906406479519151, -3.3956654851141694], [-0.8458993444355917, 0.14651256097078644, -0.5128239157468181, -1.7997108618675766], [-0.039717311784831254, 0.9415537891826051, 0.3345130749150117, 1.8112661047533816], [0.0, 0.0, 0.0, 1.0]]}, {"file_path": "images/00000015.png", "transform_matrix": [[0.5321772704994198, 0.30314842171990064, -0.7904988217830992, -3.4781067822743816], [-0.8457104693077344, 0.14677102360240565, -0.5130614668192061, -1.917613147610027], [-0.03951145268193726, 0.9415727805676708, 0.33448399673177037, 1.767248634164012], [0.0, 0.0, 0.0, 1.0]]}, {"file_path": "images/00000016.png", "transform_matrix": [[0.5327327059028378, 0.3026116966290117, -0.7903303266310227, -3.3993002479595287], [-0.845404117449303, 0.14773127733325261, -0.5132907050570199, -1.7948257628763065], [-0.03857126245279757, 0.9415952584987216, 0.3345304574387121, 1.8156307003561818], [0.0, 0.0, 0.0, 1.0]]}, {"file_path": "images/00000017.png", "transform_matrix": [[0.5327174783513804, 0.3027781150230595, -0.7902768511034456, -3.3006493528964618], [-0.8454155264722432, 0.14787646950572586, -0.5132301017739158, -1.7137873241509114], [-0.03853149211491837, 0.9415189657654692, 0.3347496994590883, 1.88783398036128], [0.0, 0.0, 0.0, 1.0]]}, {"file_path": "images/00000018.png", "transform_matrix": [[0.5338488616929611, 0.30211443250831943, -0.7897672205195995, -3.3869153767979183], [-0.8446602736275329, 0.14698113092108958, -0.5147286365739725, -1.6335708568565974], [-0.039426070697949185, 0.9418722933019268, 0.33364976866187135, 2.0431218598232452], [0.0, 0.0, 0.0, 1.0]]}, {"file_path": "images/00000019.png", "transform_matrix": [[0.5349484690813385, 0.3023923833874617, -0.7889163339446904, -3.2788870909580243], [-0.8439228054884134, 0.1467014617091628, -0.5160164527509199, -1.6946987655576753], [-0.04030426565857283, 0.9418266972581253, 0.33367355089998607, 2.0450553667149944], [0.0, 0.0, 0.0, 1.0]]}, {"file_path": "images/00000020.png", "transform_matrix": [[0.5366676179337275, 0.30118404342370697, -0.7882106570684214, -3.196230368394269], [-0.8428159637634077, 0.1463795268299808, -0.5179133956090252, -1.773669003372485], [-0.04060934760880289, 0.9422638729031754, 0.33239987180642405, 1.8725909919653465], [0.0, 0.0, 0.0, 1.0]]}, {"file_path": "images/00000021.png", "transform_matrix": [[0.5370236214400484, 0.3012251374959665, -0.7879524393159145, -3.0866640129045515], [-0.8426085693370876, 0.14702678470499003, -0.5180674892904398, -1.7202132547467675], [-0.04020483704062823, 0.942149956846757, 0.3327717385248042, 1.895714715452865], [0.0, 0.0, 0.0, 1.0]]}, {"file_path": "images/00000022.png", "transform_matrix": [[0.5381549441243642, 0.3002356631811151, -0.7875581265764751, -3.127842810391593], [-0.841861147231994, 0.1463194571666574, -0.5194809190301086, -1.661139768188887], [-0.04073162066707835, 0.9425758129058728, 0.3314992791414422, 2.1805178203039275], [0.0, 0.0, 0.0, 1.0]]}, {"file_path": "images/00000023.png", "transform_matrix": [[0.5385014101712404, 0.29955986309434113, -0.7875786435235739, -3.026150679006873], [-0.8416464455157762, 0.14619607186065223, -0.5198634141039888, -1.6464424573197771], [-0.040589309192258616, 0.9428099474771869, 0.3308502848510024, 2.026919462009742], [0.0, 0.0, 0.0, 1.0]]}, {"file_path": "images/00000024.png", "transform_matrix": [[0.5385362894537995, 0.2991652081484802, -0.7877047944774475, -3.129064346892239], [-0.8416416286324325, 0.14636035985873544, -0.5198249840240935, -1.6915328294828522], [-0.04022479236417643, 0.9429097641672908, 0.3306102581376943, 2.149077626054376], [0.0, 0.0, 0.0, 1.0]]}, {"file_path": "images/00000025.png", "transform_matrix": [[0.5390547626634797, 0.2981978775852506, -0.7877169470827822, -3.0361577496996124], [-0.8413215418993117, 0.14624480549090893, -0.5203753645242755, -1.6846866110185847], [-0.03997531754077425, 0.9432340551194601, 0.329714257075795, 1.9542452397504657], [0.0, 0.0, 0.0, 1.0]]}, {"file_path": "images/00000026.png", "transform_matrix": [[0.5397084123614487, 0.29682657469803464, -0.7877872899757037, -2.96052306428337], [-0.8409313189036087, 0.14633297640656595, -0.5209809755679321, -1.698912314967949], [-0.03936173954326065, 0.9436528199690557, 0.328587901318973, 1.7076743113086514], [0.0, 0.0, 0.0, 1.0]]}, {"file_path": "images/00000027.png", "transform_matrix": [[0.5400351736660693, 0.2948779815359819, -0.7882949874740229, -2.890304239201832], [-0.8407490962033957, 0.14586316657818113, -0.5214066492380406, -1.6861629390888235], [-0.03876813721608247, 0.9443362286323608, 0.32668963696119047, 1.448261656977623], [0.0, 0.0, 0.0, 1.0]]}, {"file_path": "images/00000028.png", "transform_matrix": [[0.5395368798115955, 0.29467318718269137, -0.7887126651364924, -2.793223537315667], [-0.8411166157888869, 0.1466729609163816, -0.5205860939177624, -1.5930838842576818], [-0.03771994158991297, 0.9442747245151363, 0.32698998565238435, 1.4474943163798366], [0.0, 0.0, 0.0, 1.0]]}, {"file_path": "images/00000029.png", "transform_matrix": [[0.5375002526006336, 0.2954923811006262, -0.7897960060887137, -2.831585827089833], [-0.8424852184791808, 0.14794186012456112, -0.5180075893919444, -1.7401014651943068], [-0.03622340575790566, 0.9438206708908501, 0.3284667504376549, 1.3662738691652474], [0.0, 0.0, 0.0, 1.0]]}, {"file_path": "images/00000030.png", "transform_matrix": [[0.53723541227853, 0.2953701205171354, -0.7900219008151335, -2.725724168742568], [-0.8427089788731077, 0.14919361694308783, -0.5172841014285717, -1.675784320427201], [-0.034924042533690074, 0.943661886819421, 0.329063146958368, 1.367572888141609], [0.0, 0.0, 0.0, 1.0]]}, {"file_path": "images/00000031.png", "transform_matrix": [[0.537696821023739, 0.294760519172785, -0.7899356714732545, -2.6158390791770723], [-0.8424529409195527, 0.15005820603481307, -0.5174510383971531, -1.644070901003845], [-0.03398780698025745, 0.9437154079514872, 0.3290076865975325, 1.3653281992760693], [0.0, 0.0, 0.0, 1.0]]}, {"file_path": "images/00000032.png", "transform_matrix": [[0.5366735587225084, 0.2949648718400984, -0.7905550049278156, -2.527633638580264], [-0.8431431931023468, 0.15078567840982743, -0.5161135874130315, -1.537660621992758], [-0.03303100542789088, 0.9435355868398722, 0.32962031053287605, 1.366937963955944], [0.0, 0.0, 0.0, 1.0]]}, {"file_path": "images/00000033.png", "transform_matrix": [[0.5367350131984688, 0.2955772244424538, -0.790284524754016, -2.43130061307206], [-0.8431224146015958, 0.15174172641252118, -0.5158672721373248, -1.5076944429271464], [-0.032559478335775126, 0.9431906238521657, 0.3306528807019437, 1.5155489638095714], [0.0, 0.0, 0.0, 1.0]]}, {"file_path": "images/00000034.png", "transform_matrix": [[0.5362153473363636, 0.295651234529398, -0.7906095426126176, -2.3342017742330046], [-0.8434810112246462, 0.1523671876046077, -0.5150961306839656, -1.4171386234484027], [-0.03182585443677885, 0.9430665871130651, 0.3310778266947426, 1.5564213383454952], [0.0, 0.0, 0.0, 1.0]]}, {"file_path": "images/00000035.png", "transform_matrix": [[0.5353510720677377, 0.29556854573937896, -0.7912259250513592, -2.4130893310489974], [-0.8440681592023518, 0.1530638524540447, -0.5139264535839361, -1.5403517344071167], [-0.030792406252922833, 0.9429796879614093, 0.3314228958264458, 1.5133605044574443], [0.0, 0.0, 0.0, 1.0]]}, {"file_path": "images/00000036.png", "transform_matrix": [[0.5356805892999595, 0.29603776176023255, -0.7908273831419764, -2.3075044044733026], [-0.8438644219208766, 0.1536873228203496, -0.5140749402773296, -1.4732671270828523], [-0.030645451368611375, 0.9427310594664051, 0.3321430503508879, 1.5507957774579495], [0.0, 0.0, 0.0, 1.0]]}, {"file_path": "images/00000037.png", "transform_matrix": [[0.5347535440197267, 0.2968300699198238, -0.7911577319458369, -2.386525001102629], [-0.8444673789214289, 0.1542368953833916, -0.5129189273566982, -1.592191414858857], [-0.030224048736597144, 0.9423921104085149, 0.33314203755512756, 1.476690754059472], [0.0, 0.0, 0.0, 1.0]]}, {"file_path": "images/00000038.png", "transform_matrix": [[0.5345279129679722, 0.2973734454179427, -0.7911061523501837, -2.3061899728718096], [-0.8446289013131484, 0.15507054253251712, -0.5124013523654051, -1.4913373931637408], [-0.02969729534395739, 0.9420839457634549, 0.3340597399457805, 1.612202413713201], [0.0, 0.0, 0.0, 1.0]]}, {"file_path": "images/00000039.png", "transform_matrix": [[0.5346461699539753, 0.2985093014468454, -0.7905982987403953, -2.210862848822281], [-0.8445623791243361, 0.1561273474610971, -0.5121900420188629, -1.4109550983248804], [-0.029459476361485916, 0.9415500243697922, 0.33558261416584084, 1.7160572891066042], [0.0, 0.0, 0.0, 1.0]]}, {"file_path": "images/00000040.png", "transform_matrix": [[0.5344650094954824, 0.2993280756572978, -0.7904111947690509, -2.114452232867155], [-0.8446826449001168, 0.1567515833492956, -0.5118009090678847, -1.3163653404188769], [-0.029298174953887143, 0.9411862962809476, 0.3366154671222823, 1.7140518254150858], [0.0, 0.0, 0.0, 1.0]]}, {"file_path": "images/00000041.png", "transform_matrix": [[0.5335520280567585, 0.30167156723561117, -0.7901370127680862, -2.0538484297150115], [-0.8452557678636096, 0.15770889586116005, -0.5105590965404831, -1.198832546112518], [-0.029409526957072787, 0.9402777088467503, 0.33913553343567043, 1.879503702977948], [0.0, 0.0, 0.0, 1.0]]}, {"file_path": "images/00000042.png", "transform_matrix": [[0.5347662590793231, 0.30312076870233384, -0.7887603234186903, -1.9442883118970493], [-0.8444669248592461, 0.15855962435588908, -0.5115999006485134, -1.1584201304035797], [-0.030011014564515798, 0.9396683697835264, 0.34076780056485373, 1.9504486667688563], [0.0, 0.0, 0.0, 1.0]]}, {"file_path": "images/00000043.png", "transform_matrix": [[0.5355848606670771, 0.30547224023019937, -0.7872963657612779, -1.8496536353655677], [-0.843930186751608, 0.15993013713765977, -0.5120587770219414, -1.0795933723008952], [-0.030507326002244137, 0.93867409773043, 0.3434534049602458, 2.063370044544908], [0.0, 0.0, 0.0, 1.0]]}, {"file_path": "images/00000044.png", "transform_matrix": [[0.5361772488451907, 0.3047511925935644, -0.7871725786011272, -1.7764742082447018], [-0.8435386097908334, 0.15927926728771155, -0.5129061598432199, -0.9972882367419786], [-0.03092849235223838, 0.9390190763191515, 0.3424713166648783, 1.8642509004534673], [0.0, 0.0, 0.0, 1.0]]}, {"file_path": "images/00000045.png", "transform_matrix": [[0.5364664766233926, 0.308468855037591, -0.7855257379609057, -1.7036175211413696], [-0.8433339024240565, 0.16121936705211246, -0.5126365620107575, -0.9132021016948928], [-0.031490451056662684, 0.9374728162593498, 0.346631029101034, 2.0615863131316363], [0.0, 0.0, 0.0, 1.0]]}, {"file_path": "images/00000046.png", "transform_matrix": [[0.5370467781135781, 0.3074899539276253, -0.785513008434206, -1.634400853292655], [-0.8429367098331983, 0.1600469376359044, -0.5136561894590894, -0.830967182785362], [-0.03222516655835208, 0.9379951524678106, 0.34514726227482306, 1.8512814194014948], [0.0, 0.0, 0.0, 1.0]]}, {"file_path": "images/00000047.png", "transform_matrix": [[0.5375792206130265, 0.311049449344661, -0.7837453806533209, -1.5473278540634814], [-0.8425455979557294, 0.1611678992420837, -0.5139472965392429, -0.7616970195088788], [-0.0335484270401239, 0.9366286074973333, 0.3487138579542978, 2.0215371110442115], [0.0, 0.0, 0.0, 1.0]]}, {"file_path": "images/00000048.png", "transform_matrix": [[0.5372252327456679, 0.3092131308821899, -0.784714144806465, -1.590121127472583], [-0.8427971816676774, 0.16051876757563838, -0.5137379057746264, -0.8747087629059862], [-0.03289315887392512, 0.9373478356576975, 0.3468386875130208, 2.2360189629794056], [0.0, 0.0, 0.0, 1.0]]}, {"file_path": "images/00000049.png", "transform_matrix": [[0.5378841800507086, 0.30922545103684806, -0.7842577569588837, -1.510726315657391], [-0.8423638750566226, 0.1604849396254952, -0.514458634054938, -0.7781568908385244], [-0.033222144379064684, 0.9373495637437496, 0.34680265936248067, 2.0854077304578555], [0.0, 0.0, 0.0, 1.0]]}, {"file_path": "images/00000050.png", "transform_matrix": [[0.5398073315369764, 0.31278855061083666, -0.7815186290125433, -1.4117319361214191], [-0.8410916421122887, 0.16264208239142, -0.5158608364713463, -0.7203397923840558], [-0.034247546106477005, 0.9357942485975363, 0.3508792241585233, 2.2138036546240496], [0.0, 0.0, 0.0, 1.0]]}, {"file_path": "images/00000051.png", "transform_matrix": [[0.5399358433415757, 0.3127601523313212, -0.7814412148438649, -1.3449537438711823], [-0.8409792846022656, 0.16187996899334187, -0.5162835640510514, -0.6183688957706703], [-0.03497324650971849, 0.9359358753774196, 0.35042960673822043, 2.0305825889790765], [0.0, 0.0, 0.0, 1.0]]}, {"file_path": "images/00000052.png", "transform_matrix": [[0.5392334018569706, 0.31191655219684417, -0.7822630010778584, -1.3058367531705422], [-0.8414376822769825, 0.16118334443918808, -0.5157543565694986, -0.49810483509927184], [-0.0347845539368927, 0.9363375427735158, 0.3493737838889696, 1.825100061330912], [0.0, 0.0, 0.0, 1.0]]}, {"file_path": "images/00000053.png", "transform_matrix": [[0.537052863920437, 0.31643480291026044, -0.7819483595033282, -1.358942834441526], [-0.8428100099424928, 0.1625026064889695, -0.5130927694147577, -0.6407425309580905], [-0.03529176280537256, 0.9345918459185824, 0.35396690959638677, 1.7236585722246918], [0.0, 0.0, 0.0, 1.0]]}, {"file_path": "images/00000054.png", "transform_matrix": [[0.5353131979097449, 0.3150795936630809, -0.783686563537168, -1.3410371593915125], [-0.843923132121023, 0.16093443994093615, -0.5117556576263903, -0.5167136334975435], [-0.03512160646761316, 0.9353207769338375, 0.3520532872501651, 1.503254701499851], [0.0, 0.0, 0.0, 1.0]]}, {"file_path": "images/00000055.png", "transform_matrix": [[0.53252613589775, 0.32100413333764394, -0.7831808609982146, -1.2940307630913748], [-0.845633649444833, 0.1620632292757584, -0.5085658665738446, -0.3729893491833307], [-0.03632692580430354, 0.9331087054373288, 0.3577548020185208, 1.621830320988775], [0.0, 0.0, 0.0, 1.0]]}, {"file_path": "images/00000056.png", "transform_matrix": [[0.5330631241492394, 0.32000025582728336, -0.7832263670297824, -1.3424080320706415], [-0.845293251620367, 0.16162997251696667, -0.5092691535425166, -0.4828504230327517], [-0.036373403240959855, 0.9335285685616264, 0.35665303487364586, 1.83273914727851], [0.0, 0.0, 0.0, 1.0]]}, {"file_path": "images/00000057.png", "transform_matrix": [[0.5335183727248635, 0.3188404153945724, -0.7833893894762526, -1.2979683675013294], [-0.8449863652173825, 0.16060321560358534, -0.5101025874617614, -0.38142625954708764], [-0.036826465860536346, 0.9341024551487462, 0.35510056993186767, 1.6004572773351673], [0.0, 0.0, 0.0, 1.0]]}, {"file_path": "images/00000058.png", "transform_matrix": [[0.5335250766638746, 0.31778053745034646, -0.7838153626055828, -1.250635894247524], [-0.8450115023959198, 0.16066871599669924, -0.510040316562565, -0.2512080902719118], [-0.03614627803026844, 0.9344522961520576, 0.3542489984027278, 1.4350074104463342], [0.0, 0.0, 0.0, 1.0]]}, {"file_path": "images/00000059.png", "transform_matrix": [[0.5345407595451707, 0.32101843380526357, -0.7818013440830307, -1.1544795528748506], [-0.8443140718822354, 0.161887258106566, -0.5108094201216893, -0.16333393659300377], [-0.037415564042807714, 0.9331343316404265, 0.35757571890435136, 1.504928143824285], [0.0, 0.0, 0.0, 1.0]]}, {"file_path": "images/00000060.png", "transform_matrix": [[0.5346486392335209, 0.31968385897208557, -0.7822742888184461, -1.1948540089908488], [-0.8442670154025831, 0.1616034322168143, -0.5109770419496739, -0.27701864454651126], [-0.03693290260858259, 0.9336415592048931, 0.3562995926169319, 1.7218633643192758], [0.0, 0.0, 0.0, 1.0]]}, {"file_path": "images/00000061.png", "transform_matrix": [[0.5351420359377898, 0.32312543631074675, -0.7805209502949252, -1.1056572488440701], [-0.8438962759064861, 0.16266290529202712, -0.5112532197979782, -0.1722009908813531], [-0.03823711429622723, 0.9322718121433214, 0.3597321106628315, 1.7792672878442621], [0.0, 0.0, 0.0, 1.0]]}, {"file_path": "images/00000062.png", "transform_matrix": [[0.535805875091661, 0.32194058899987726, -0.7805551367069576, -1.055048871614518], [-0.8434051172878355, 0.16055305293881666, -0.5127285103496746, -0.11325001216090635], [-0.03974760843362427, 0.9330471447963077, 0.35755160925367946, 1.5068590853435433], [0.0, 0.0, 0.0, 1.0]]}, {"file_path": "images/00000063.png", "transform_matrix": [[0.5360052375385334, 0.32503237948464375, -0.7791356349736268, -0.9718801439146927], [-0.8432321533540784, 0.16161478685679398, -0.5126794283173018, 0.001099655743945771], [-0.04071757492000181, 0.9317910779900458, 0.3607041254815541, 1.5700492920479399], [0.0, 0.0, 0.0, 1.0]]}, {"file_path": "images/00000064.png", "transform_matrix": [[0.5376070974521876, 0.32770085786744646, -0.7769110351835141, -0.8680406155619367], [-0.8421435207956965, 0.16266534866482776, -0.51413449089344, 0.06456887287258217], [-0.04210580930534248, 0.9306729458637567, 0.36342120016401036, 1.6479632745090476], [0.0, 0.0, 0.0, 1.0]]}, {"file_path": "images/00000065.png", "transform_matrix": [[0.5376676275262595, 0.3261074761076677, -0.7775393471747369, -0.9064536377595136], [-0.8421551481365788, 0.16276766954608196, -0.5140830596491899, -0.06110647464665808], [-0.04108806157188874, 0.9312145831349822, 0.36214799657272145, 1.8423446512929447], [0.0, 0.0, 0.0, 1.0]]}, {"file_path": "images/00000066.png", "transform_matrix": [[0.5390899750285469, 0.3286146661782252, -0.7754962282720922, -0.8067823795859121], [-0.841177798890241, 0.16366090179068926, -0.5153979238218815, 0.021265650807413827], [-0.04244890463138663, 0.9301760642285063, 0.36465131303834525, 1.895140031007152], [0.0, 0.0, 0.0, 1.0]]}, {"file_path": "images/00000067.png", "transform_matrix": [[0.5392398119296622, 0.3304217272775506, -0.7746237199059486, -0.7338965220187057], [-0.841086163854145, 0.16503707888073713, -0.5151085590128648, 0.15101549761796207], [-0.042361423839470135, 0.9292923354915791, 0.3669077064270074, 1.9509804811560743], [0.0, 0.0, 0.0, 1.0]]}, {"file_path": "images/00000068.png", "transform_matrix": [[0.5392343238831858, 0.33246541887779707, -0.7737526021052213, -0.6540134745767192], [-0.841074521573696, 0.1660623139273968, -0.5147979769320536, 0.26891783229595845], [-0.04266137752521745, 0.9283803386594403, 0.3691746926955614, 2.0236209506850633], [0.0, 0.0, 0.0, 1.0]]}, {"file_path": "images/00000069.png", "transform_matrix": [[0.5394630128764333, 0.3310378808339572, -0.7742051273785202, -0.5993394943989112], [-0.8409308327562003, 0.16529732831691574, -0.5152786894214928, 0.37169735630971035], [-0.04260272626006002, 0.9290267567568784, 0.3675517555578186, 1.8119986116048166], [0.0, 0.0, 0.0, 1.0]]}, {"file_path": "images/00000070.png", "transform_matrix": [[0.5408136508485258, 0.33262223286852843, -0.7725820638128935, -0.6940183336670978], [-0.8400579933214162, 0.16695925101671996, -0.5161658419126639, 0.2912435437208285], [-0.04269851214429873, 0.9281632716108698, 0.3697158075629155, 1.703674348590451], [0.0, 0.0, 0.0, 1.0]]}, {"file_path": "images/00000071.png", "transform_matrix": [[0.5408537556013047, 0.33048890856781654, -0.77346900159836, -0.6532234286167546], [-0.840031918480008, 0.16554968960732025, -0.5166620522221418, 0.38312432772298655], [-0.042703524601808554, 0.9291772606185108, 0.36715940326333923, 1.4522497058095518], [0.0, 0.0, 0.0, 1.0]]}, {"file_path": "images/00000072.png", "transform_matrix": [[0.5411842265841564, 0.32788027977594897, -0.7743475673743027, -0.6171973763949894], [-0.8398327496108973, 0.1642789174258578, -0.51739094500297, 0.45739364424417017], [-0.04243330772151633, 0.9303262650755495, 0.36426975577862375, 1.3623386424542854], [0.0, 0.0, 0.0, 1.0]]}, {"file_path": "images/00000073.png", "transform_matrix": [[0.5414136602343643, 0.33049278158996703, -0.7730755266443897, -0.6993950086048506], [-0.8396533890216143, 0.16546134506676644, -0.5173052576515073, 0.36636748505241545], [-0.04305153705557782, 0.9291916189202161, 0.3670824165690983, 1.3582123613061092], [0.0, 0.0, 0.0, 1.0]]}, {"file_path": "images/00000074.png", "transform_matrix": [[0.5418483166184885, 0.3277245828134311, -0.7739489645095591, -0.6615661812424265], [-0.8393835688646751, 0.16406558793220005, -0.518186942306675, 0.42543849415511614], [-0.042844207595040276, 0.9304187663317086, 0.36398529256271267, 1.3503351187790469], [0.0, 0.0, 0.0, 1.0]]}, {"file_path": "images/00000075.png", "transform_matrix": [[0.5425529465967412, 0.33046149716477324, -0.7722897766374719, -0.5708155218712627], [-0.8389174126251171, 0.16603410578688896, -0.5183148179539204, 0.49149039836767017], [-0.043056648271377215, 0.9291005729591924, 0.3673121975039282, 1.3546799610427012], [0.0, 0.0, 0.0, 1.0]]}, {"file_path": "images/00000076.png", "transform_matrix": [[0.543616418373263, 0.32883431218899134, -0.7722364824781102, -0.5003802654380043], [-0.8381646418648491, 0.1641364707421927, -0.5201338790163018, 0.5137141093817994], [-0.04428569554019219, 0.930014631156672, 0.36484457385806124, 1.3476745538587847], [0.0, 0.0, 0.0, 1.0]]}, {"file_path": "images/00000077.png", "transform_matrix": [[0.5456142541953806, 0.3310016583918006, -0.769898037293668, -0.3904946294392122], [-0.8368533004601252, 0.16639859328858198, -0.5215247469308184, 0.5521562776290079], [-0.04451560574515552, 0.9288430493680744, 0.36778927465926586, 1.349610575277788], [0.0, 0.0, 0.0, 1.0]]}, {"file_path": "images/00000078.png", "transform_matrix": [[0.5455787794710887, 0.3294509919153215, -0.7705879828966932, -0.3264881228093133], [-0.8368903153423768, 0.1656204250069866, -0.521713019683542, 0.6317143955349018], [-0.0442537625972506, 0.9295331725185852, 0.3660733338446694, 1.3434208564594363], [0.0, 0.0, 0.0, 1.0]]}, {"file_path": "images/00000079.png", "transform_matrix": [[0.5451849176450572, 0.32904355034595234, -0.7710406912842077, -0.2591506986189911], [-0.8371654210669791, 0.16552681388287177, -0.5213011909215344, 0.7311950027141876], [-0.04390288565806985, 0.9296941518195483, 0.36570660476952754, 1.3383272284152352], [0.0, 0.0, 0.0, 1.0]]}, {"file_path": "images/00000080.png", "transform_matrix": [[0.5424473377220803, 0.33248835969706, -0.7714936010960373, -0.31023288259963566], [-0.83902760947509, 0.16825059863701555, -0.5174209182063276, 0.5887757923438484], [-0.042232172138330366, 0.9279780314156767, 0.3702340029157159, 1.3353098103850223], [0.0, 0.0, 0.0, 1.0]]}, {"file_path": "images/00000081.png", "transform_matrix": [[0.5420165129282482, 0.33509875638764564, -0.770666544783476, -0.22386940102116215], [-0.839318397784593, 0.17004420982216986, -0.5163618826433019, 0.6943746411061187], [-0.04198484107566286, 0.9267112766332462, 0.37342132096234293, 1.3375433508608927], [0.0, 0.0, 0.0, 1.0]]}, {"file_path": "images/00000082.png", "transform_matrix": [[0.5423246966569512, 0.3370757918371273, -0.7695867943391866, -0.1267459109538227], [-0.8391680808356222, 0.17262331243868728, -0.5157500597285777, 0.7839659062951689], [-0.04099823812515192, 0.9255166679351624, 0.37648113088634155, 1.3388438571490062], [0.0, 0.0, 0.0, 1.0]]}, {"file_path": "images/00000083.png", "transform_matrix": [[0.5422085013285579, 0.3348357901723118, -0.7706457907331156, -0.07036435883283643], [-0.8393092024844856, 0.17257796497705674, -0.5155355551559097, 0.8479061481016377], [-0.03962327268969168, 0.926337864760912, 0.37460399976533043, 1.3317771827241374], [0.0, 0.0, 0.0, 1.0]]}, {"file_path": "images/00000084.png", "transform_matrix": [[0.5423882587511524, 0.33392320078227644, -0.7709152176576609, -0.1490962676964851], [-0.8391874973473378, 0.17193402920738524, -0.515948673704181, 0.7921570325974154], [-0.03974067301349739, 0.9267869149084912, 0.3734791738925571, 1.3376521880350951], [0.0, 0.0, 0.0, 1.0]]}, {"file_path": "images/00000085.png", "transform_matrix": [[0.5419928470739169, 0.33212949505079603, -0.7719674554707332, -0.09130516472260553], [-0.8395077125487314, 0.17206246929345442, -0.5153846206790753, 0.8658621399509756], [-0.03834780722060543, 0.9274074106042648, 0.3720819002669905, 1.3309215835056092], [0.0, 0.0, 0.0, 1.0]]}, {"file_path": "images/00000086.png", "transform_matrix": [[0.5417853608649106, 0.33176377900274695, -0.7722703009712605, -0.009599852025496514], [-0.839718595943552, 0.17361216449838304, -0.5145206467824727, 0.9399889968646149], [-0.036623795622050634, 0.9272494871099828, 0.3726487438824124, 1.3259080846858053], [0.0, 0.0, 0.0, 1.0]]}, {"file_path": "images/00000087.png", "transform_matrix": [[0.5413666801152333, 0.33006691967910545, -0.7732903376239119, 0.06270239533654198], [-0.8400088925104966, 0.172778035181912, -0.5143275328646568, 0.975622750890301], [-0.03615491931897261, 0.9280105490553305, 0.3707954189572655, 1.3191732039623554], [0.0, 0.0, 0.0, 1.0]]}, {"file_path": "images/00000088.png", "transform_matrix": [[0.5409456563681668, 0.32846540556799425, -0.7742662812427079, 0.1405837968014163], [-0.8403088539862414, 0.17223720461364633, -0.5140188471835293, 1.020535198893346], [-0.03547994920188173, 0.9286790741465542, 0.3691833562277188, 1.3129849572678094], [0.0, 0.0, 0.0, 1.0]]}, {"file_path": "images/00000089.png", "transform_matrix": [[0.541300831458881, 0.3279722520930352, -0.7742271060786313, 0.23240519029655804], [-0.8400770283454203, 0.17201628376047062, -0.5144715585610569, 1.0280025579800043], [-0.03555272612481232, 0.9288942889500604, 0.3686345123420862, 1.3075560095888232], [0.0, 0.0, 0.0, 1.0]]}, {"file_path": "images/00000090.png", "transform_matrix": [[0.5415666697566517, 0.3264965291682761, -0.7746648041041393, 0.30874005869729526], [-0.8398862399993547, 0.17067008834820724, -0.515230846129809, 1.0270410217347532], [-0.036008972425114916, 0.9296621630732872, 0.36664917362979976, 1.3008304986403743], [0.0, 0.0, 0.0, 1.0]]}, {"file_path": "images/00000091.png", "transform_matrix": [[0.5416241512903572, 0.32486110756970044, -0.7753118982677446, 0.24061680934166585], [-0.8398488090135154, 0.16960303051771938, -0.5156440536246515, 1.0096834262560606], [-0.036017450829577295, 0.9304300472865469, 0.3646953117476612, 1.3080083891715077], [0.0, 0.0, 0.0, 1.0]]}, {"file_path": "images/00000092.png", "transform_matrix": [[0.5417232349356398, 0.32303731715593703, -0.7760043998093734, 0.30949641349979373], [-0.8397821384408889, 0.16837015332577765, -0.5161564214706419, 1.0288519737610033], [-0.036081805847300995, 0.9312885606833365, 0.3624909931236749, 1.3008865720410465], [0.0, 0.0, 0.0, 1.0]]}, {"file_path": "images/00000093.png", "transform_matrix": [[0.5419129408703789, 0.3205804284731269, -0.7768903098025804, 0.37240117177403054], [-0.8396535029811918, 0.16667299750017547, -0.5169159572274756, 1.048997175661575], [-0.03622650238894277, 0.9324421166218513, 0.359498733993678, 1.2934478243958571], [0.0, 0.0, 0.0, 1.0]]}, {"file_path": "images/00000094.png", "transform_matrix": [[0.5417413473305575, 0.31955374642656564, -0.7774327725309529, 0.4558353374160662], [-0.83978177611685, 0.1663566072901841, -0.5168094887998919, 1.0925351579017732], [-0.03581732990035113, 0.9328509433031635, 0.3584776653096238, 1.2876808948288114], [0.0, 0.0, 0.0, 1.0]]}, {"file_path": "images/00000095.png", "transform_matrix": [[0.5415590913932267, 0.3179612444003874, -0.778212308857066, 0.5283802633375565], [-0.8398905877579449, 0.16497823926980396, -0.5170744445084542, 1.121146491680117], [-0.036021537330217616, 0.9336395598370871, 0.3563981218023026, 1.2808705687282795], [0.0, 0.0, 0.0, 1.0]]}, {"file_path": "images/00000096.png", "transform_matrix": [[0.542314238833828, 0.31826753106481914, -0.7775609590867688, 0.42327428230894615], [-0.8394149163842239, 0.16587193571716724, -0.5175607201998464, 1.0794854383581165], [-0.035747231172313515, 0.9333768154809272, 0.35711322553894204, 1.283904217194434], [0.0, 0.0, 0.0, 1.0]]}, {"file_path": "images/00000097.png", "transform_matrix": [[0.5419651632748526, 0.31675868202582447, -0.7784200018150039, 0.4956960838673492], [-0.8396584223364886, 0.16516579070172405, -0.5173915300639841, 1.1307914081852037], [-0.035319904056579005, 0.9340150957073081, 0.3554831999362742, 1.2774596635288422], [0.0, 0.0, 0.0, 1.0]]}, {"file_path": "images/00000098.png", "transform_matrix": [[0.540703043993519, 0.3196342850496187, -0.7781221897008896, 0.5811114837048841], [-0.8404617282074437, 0.16616772755856943, -0.515763870135603, 1.229357149458313], [-0.03555701985972216, 0.9328570148767712, 0.3584877797115624, 1.280604180070445], [0.0, 0.0, 0.0, 1.0]]}, {"file_path": "images/00000099.png", "transform_matrix": [[0.540785362082331, 0.3181931221160912, -0.7786554624886682, 0.6594227848692604], [-0.8403782939089494, 0.16446237375373265, -0.5164459804729318, 1.2570271260342678], [-0.03627003323379055, 0.9336515756551326, 0.3563414374368196, 1.2741768021870046], [0.0, 0.0, 0.0, 1.0]]}, {"file_path": "images/00000100.png", "transform_matrix": [[0.5418099688491146, 0.3185353869374983, -0.7778027802677522, 0.7710983182924576], [-0.8397507248868906, 0.16606069001413734, -0.5169550921353298, 1.3001933644498473], [-0.035506023916459566, 0.9332518709151206, 0.35746365936651747, 1.2736130277647875], [0.0, 0.0, 0.0, 1.0]]}, {"file_path": "images/00000101.png", "transform_matrix": [[0.5401034948245176, 0.320507752351997, -0.7781792824462487, 0.8409200782553574], [-0.8408390992802386, 0.1662291112850903, -0.5151286166421375, 1.435032115533582], [-0.035746664550655595, 0.9325463330631866, 0.35927637374664323, 1.274738466160738], [0.0, 0.0, 0.0, 1.0]]}, {"file_path": "images/00000102.png", "transform_matrix": [[0.5393383008598094, 0.32142071338291006, -0.7783334261754535, 0.9268062275922944], [-0.8413252527556507, 0.16631404481650705, -0.5143067737966217, 1.5469215028663799], [-0.03586106980824294, 0.932216908005398, 0.3601188972682407, 1.2734179942820343], [0.0, 0.0, 0.0, 1.0]]}, {"file_path": "images/00000103.png", "transform_matrix": [[0.5374368836529805, 0.32514319960470195, -0.7781024970453022, 0.98697993689097], [-0.842527346452931, 0.16743291361915424, -0.5119705947773361, 1.6622388081807697], [-0.03618378911479089, 0.9307245130830757, 0.36392666049658773, 1.2781218624637423], [0.0, 0.0, 0.0, 1.0]]}, {"file_path": "images/00000104.png", "transform_matrix": [[0.53812930970506, 0.32386349912042955, -0.7781576190218608, 1.0618957762873693], [-0.8420491872665813, 0.16602960606925574, -0.5132127591290505, 1.6998183925395614], [-0.03701367701879475, 0.9314218184646045, 0.3620543935243261, 1.271590161829812], [0.0, 0.0, 0.0, 1.0]]}, {"file_path": "images/00000105.png", "transform_matrix": [[0.537809517116392, 0.32191223649097844, -0.7791876765993889, 1.0962001492736766], [-0.8422584653901436, 0.1647053749135188, -0.5132960324743538, 1.7706891243819722], [-0.036899875393467375, 0.9323329081063083, 0.35971342444592047, 1.2638839514845732], [0.0, 0.0, 0.0, 1.0]]}, {"file_path": "images/00000106.png", "transform_matrix": [[0.537599872224644, 0.3211714710076673, -0.779637905480975, 1.1605261338588901], [-0.8423970955460485, 0.1642321198762347, -0.5132201712883222, 1.8737326940517045], [-0.036790091410467685, 0.9326718056624936, 0.35884508100976326, 1.2587507108242013], [0.0, 0.0, 0.0, 1.0]]}, {"file_path": "images/00000107.png", "transform_matrix": [[0.537335907639697, 0.3240455731539496, -0.7786299435215004, 1.2382509631438694], [-0.8425394702680298, 0.1653350312057719, -0.5126320010468803, 1.9711555443591946], [-0.03738132458641507, 0.9314820417171144, 0.3618616346054264, 1.2629957353203296], [0.0, 0.0, 0.0, 1.0]]}, {"file_path": "images/00000108.png", "transform_matrix": [[0.5372583837040822, 0.3230651201219482, -0.779090724735067, 1.2903375709536098], [-0.8425330888914457, 0.1632807681839152, -0.5133004820424231, 2.015537008959474], [-0.03861894986998259, 0.9321847021743538, 0.3599170151738886, 1.2553459856701783], [0.0, 0.0, 0.0, 1.0]]}, {"file_path": "images/00000109.png", "transform_matrix": [[0.5368690819454027, 0.3208957618083981, -0.7802547654275827, 1.2487314795171223], [-0.8428440352139087, 0.16320015770486582, -0.5128154061941944, 1.9036279003110996], [-0.03722258967001293, 0.9329478113188058, 0.35808219760599413, 1.2613100162948172], [0.0, 0.0, 0.0, 1.0]]}, {"file_path": "images/00000110.png", "transform_matrix": [[0.5378720715785809, 0.3235597652279756, -0.7784617607881115, 1.3528660552580085], [-0.8421432887359902, 0.16396562140901796, -0.5137216719523904, 1.9760426886500273], [-0.03857869721865572, 0.9318928872931588, 0.36067621324667637, 1.2622245148570932], [0.0, 0.0, 0.0, 1.0]]}, {"file_path": "images/00000111.png", "transform_matrix": [[0.5381783804934808, 0.3258279224951069, -0.77730315563484, 1.4446972604047792], [-0.8419235031160892, 0.165044056927546, -0.513736580529656, 2.078865797819363], [-0.03910045647515866, 0.9309117166849885, 0.3631453291874649, 1.263078495048469], [0.0, 0.0, 0.0, 1.0]]}, {"file_path": "images/00000112.png", "transform_matrix": [[0.5383880414602414, 0.32639901661960685, -0.7769182703671619, 1.505832308900831], [-0.8417628522111467, 0.16490163175898492, -0.5140454770555363, 2.1946363295918276], [-0.03966884768176896, 0.9307368768126427, 0.36353163374495784, 1.258480537142869], [0.0, 0.0, 0.0, 1.0]]}, {"file_path": "images/00000113.png", "transform_matrix": [[0.5388269774257033, 0.3283425983860029, -0.7757941908466139, 1.5907446511447887], [-0.8414124435740907, 0.16481626762145812, -0.5146461869349507, 2.299563163763943], [-0.04111676328992069, 0.9300681351806608, 0.36507899935049537, 1.2558604218459442], [0.0, 0.0, 0.0, 1.0]]}, {"file_path": "images/00000114.png", "transform_matrix": [[0.5397062970075407, 0.33234785374002634, -0.7734739925509776, 1.684813548558898], [-0.8407599605422158, 0.16597702294383074, -0.5153390307403755, 2.3850168442513047], [-0.04289291020693776, 0.9284376834419372, 0.36900361283811167, 1.2585382309453081], [0.0, 0.0, 0.0, 1.0]]}, {"file_path": "images/00000115.png", "transform_matrix": [[0.5415515449285524, 0.3356948706005168, -0.7707339866036428, 1.7906521183188593], [-0.8394795751349956, 0.16722360750045848, -0.5170206069649208, 2.4409918021208634], [-0.044676248089817246, 0.9270087480778817, 0.372369190337125, 1.2606497333115465], [0.0, 0.0, 0.0, 1.0]]}, {"file_path": "images/00000116.png", "transform_matrix": [[0.5414879581841296, 0.33450210086227067, -0.7712970476594955, 1.8161075506492619], [-0.8395087038499077, 0.16614354381992336, -0.5173214271687183, 2.540087421132296], [-0.044899079373010235, 0.9276339080863765, 0.37078215343848897, 1.253617768166936], [0.0, 0.0, 0.0, 1.0]]}, {"file_path": "images/00000117.png", "transform_matrix": [[0.5416406838153291, 0.3342051919040912, -0.7713185200734883, 1.782936015860284], [-0.8393805608698496, 0.16541722813877777, -0.5177619285630944, 2.442073555091942], [-0.045449353093399425, 0.9278706970290487, 0.3701220419900031, 1.260496691978728], [0.0, 0.0, 0.0, 1.0]]}, {"file_path": "images/00000118.png", "transform_matrix": [[0.5428788819176456, 0.3378481736657385, -0.768857029093521, 1.8803637436775222], [-0.8384770990349052, 0.16646866046371045, -0.5188875981155281, 2.5296678859701442], [-0.047314627639825094, 0.9263621304328262, 0.37365027683636404, 1.2620143351472193], [0.0, 0.0, 0.0, 1.0]]}, {"file_path": "images/00000119.png", "transform_matrix": [[0.5421580509023795, 0.337363032228426, -0.769578347145577, 1.8893777969658316], [-0.838