{
    "frames": [
        {
            "file_path": "images/00000000.png",
            "transform_matrix": [
                [
                    0.5250383857004993,
                    0.30639472162244,
                    -0.7940132040280387,
                    -4.009087012436809
                ],
                [
                    -0.8500288161360217,
                    0.14246201451424284,
                    -0.5071051036615755,
                    -2.387299582393198
                ],
                [
                    -0.04225760647296412,
                    0.9411837488232818,
                    0.3352423686152482,
                    1.3675979183907485
                ],
                [
                    0.0,
                    0.0,
                    0.0,
                    1.0
                ]
            ]
        },
        {
            "file_path": "images/00000001.png",
            "transform_matrix": [
                [
                    0.5251987641571826,
                    0.3056085124119095,
                    -0.7942101078034064,
                    -3.956013086933226
                ],
                [
                    -0.8499818100036058,
                    0.14320959048323076,
                    -0.5069733088213807,
                    -2.190463111516447
                ],
                [
                    -0.04119685444527727,
                    0.9413259002075659,
                    0.3349751764696337,
                    1.3250767757590014
                ],
                [
                    0.0,
                    0.0,
                    0.0,
                    1.0
                ]
            ]
        },
        {
            "file_path": "images/00000002.png",
            "transform_matrix": [
                [
                    0.5259449705627905,
                    0.30502643613984604,
                    -0.7939400237193488,
                    -4.168407918542785
                ],
                [
                    -0.8495888843687942,
                    0.14478170010833888,
                    -0.5071853575088758,
                    -2.1973959690062372
                ],
                [
                    -0.0397569556451036,
                    0.9412742069323407,
                    0.33529427658455263,
                    1.2926045458443856
                ],
                [
                    0.0,
                    0.0,
                    0.0,
                    1.0
                ]
            ]
        },
        {
            "file_path": "images/00000003.png",
            "transform_matrix": [
                [
                    0.5260908069841316,
                    0.3060239548415244,
                    -0.7934593889657419,
                    -4.004229378145986
                ],
                [
                    -0.8495195420484727,
                    0.1459861943154482,
                    -0.506956190166098,
                    -2.098534671154404
                ],
                [
                    -0.03930662170705168,
                    0.9407642479383223,
                    0.33677532474879124,
                    1.3370244810731773
                ],
                [
                    0.0,
                    0.0,
                    0.0,
                    1.0
                ]
            ]
        },
        {
            "file_path": "images/00000004.png",
            "transform_matrix": [
                [
                    0.5260867067670023,
                    0.3057761512596168,
                    -0.7935576364397592,
                    -4.222064108094664
                ],
                [
                    -0.8495303970471846,
                    0.1460254519747861,
                    -0.5069266927960023,
                    -2.387341805392271
                ],
                [
                    -0.03912648056476897,
                    0.9408387283498312,
                    0.336588184320721,
                    1.348061934456993
                ],
                [
                    0.0,
                    0.0,
                    0.0,
                    1.0
                ]
            ]
        },
        {
            "file_path": "images/00000005.png",
            "transform_matrix": [
                [
                    0.5266636350402524,
                    0.3053511830795653,
                    -0.7933385598759515,
                    -3.9510885693095776
                ],
                [
                    -0.849198069737702,
                    0.146635474614169,
                    -0.5073072796039091,
                    -2.3055120858372553
                ],
                [
                    -0.03857530175479804,
                    0.9408818696537232,
                    0.33653120734944164,
                    1.349257574239141
                ],
                [
                    0.0,
                    0.0,
                    0.0,
                    1.0
                ]
            ]
        },
        {
            "file_path": "images/00000006.png",
            "transform_matrix": [
                [
                    0.5280294188053517,
                    0.3060161874682404,
                    -0.7921736084668789,
                    -3.8706011402398195
                ],
                [
                    -0.8483205254396399,
                    0.14700429535467857,
                    -0.508666907971973,
                    -2.401014969635544
                ],
                [
                    -0.03920738475759482,
                    0.940608223555995,
                    0.33722240558411476,
                    1.3818829763956768
                ],
                [
                    0.0,
                    0.0,
                    0.0,
                    1.0
                ]
            ]
        },
        {
            "file_path": "images/00000007.png",
            "transform_matrix": [
                [
                    0.5283701526337317,
                    0.3054456735104682,
                    -0.7921666001590159,
                    -3.945773252041911
                ],
                [
                    -0.8481203309166069,
                    0.14708712639885738,
                    -0.5089767003845184,
                    -2.4262795921722353
                ],
                [
                    -0.03894722220354261,
                    0.9407806959371297,
                    0.3367711331205659,
                    1.403815284979743
                ],
                [
                    0.0,
                    0.0,
                    0.0,
                    1.0
                ]
            ]
        },
        {
            "file_path": "images/00000008.png",
            "transform_matrix": [
                [
                    0.5284251686360202,
                    0.3047413868901545,
                    -0.7924011158095433,
                    -3.9181711886041914
                ],
                [
                    -0.8481077109094429,
                    0.14718698918478754,
                    -0.5089688604535075,
                    -2.3966672758709997
                ],
                [
                    -0.038472741955830426,
                    0.9409934523669486,
                    0.3362308296357779,
                    1.3875657052075072
                ],
                [
                    0.0,
                    0.0,
                    0.0,
                    1.0
                ]
            ]
        },
        {
            "file_path": "images/00000009.png",
            "transform_matrix": [
                [
                    0.5298230895311941,
                    0.3039792063759548,
                    -0.7917601505245232,
                    -4.156971431658133
                ],
                [
                    -0.8472659971823444,
                    0.14811700173635048,
                    -0.5100996802742784,
                    -2.397087666460808
                ],
                [
                    -0.03778655639238974,
                    0.9410940420351963,
                    0.33602705288487217,
                    1.392987179522195
                ],
                [
                    0.0,
                    0.0,
                    0.0,
                    1.0
                ]
            ]
        },
        {
            "file_path": "images/00000010.png",
            "transform_matrix": [
                [
                    0.5309341499648311,
                    0.30322071999393485,
                    -0.7913065925641165,
                    -4.409879602801645
                ],
                [
                    -0.8465924844145954,
                    0.14871013951393833,
                    -0.5110444792179516,
                    -2.417399680964299
                ],
                [
                    -0.03728396115888388,
                    0.9412451803003069,
                    0.33565967417963277,
                    1.4061134271671418
                ],
                [
                    0.0,
                    0.0,
                    0.0,
                    1.0
                ]
            ]
        },
        {
            "file_path": "images/00000011.png",
            "transform_matrix": [
                [
                    0.5322014672880875,
                    0.30060533194929034,
                    -0.7914531146492596,
                    -4.453988847125132
                ],
                [
                    -0.8458467199422358,
                    0.1489065680383665,
                    -0.5122208121100461,
                    -2.4112499782364853
                ],
                [
                    -0.03612374018997856,
                    0.9420526887946056,
                    0.3335143280253073,
                    1.3481975218765543
                ],
                [
                    0.0,
                    0.0,
                    0.0,
                    1.0
                ]
            ]
        },
        {
            "file_path": "images/00000012.png",
            "transform_matrix": [
                [
                    0.5341677082620151,
                    0.2992147310042136,
                    -0.7906550475827833,
                    -4.176095913687647
                ],
                [
                    -0.8446650275980323,
                    0.15048696503051975,
                    -0.5137067884595236,
                    -2.393632596077644
                ],
                [
                    -0.03472536002716072,
                    0.9422442454970992,
                    0.33312149625507165,
                    1.3378196190153817
                ],
                [
                    0.0,
                    0.0,
                    0.0,
                    1.0
                ]
            ]
        },
        {
            "file_path": "images/00000013.png",
            "transform_matrix": [
                [
                    0.5358326191642074,
                    0.2977424567518046,
                    -0.7900840675238147,
                    -3.9937794016583488
                ],
                [
                    -0.8436690187774962,
                    0.15195145547808261,
                    -0.5149110038965842,
                    -2.184143171120716
                ],
                [
                    -0.0332564432984197,
                    0.9424755618539283,
                    0.33261663271083164,
                    1.3173582659275398
                ],
                [
                    0.0,
                    0.0,
                    0.0,
                    1.0
                ]
            ]
        },
        {
            "file_path": "images/00000014.png",
            "transform_matrix": [
                [
                    0.5380407621186588,
                    0.2955247822102524,
                    -0.78941575957559,
                    -3.9950352382695953
                ],
                [
                    -0.8423716907669417,
                    0.15477520532070288,
                    -0.5161923773294771,
                    -1.7964519960785306
                ],
                [
                    -0.030365653617175827,
                    0.9427140282099542,
                    0.33221707988180654,
                    1.326133420759645
                ],
                [
                    0.0,
                    0.0,
                    0.0,
                    1.0
                ]
            ]
        },
        {
            "file_path": "images/00000015.png",
            "transform_matrix": [
                [
                    0.5404796728221267,
                    0.2933617208691554,
                    -0.7885560373636893,
                    -4.274172000409888
                ],
                [
                    -0.8408893905394569,
                    0.15710216603165625,
                    -0.5179034102098782,
                    -1.8250595489339783
                ],
                [
                    -0.028049174155999022,
                    0.9430046713686616,
                    0.33159528596570864,
                    1.3536933555384907
                ],
                [
                    0.0,
                    0.0,
                    0.0,
                    1.0
                ]
            ]
        },
        {
            "file_path": "images/00000016.png",
            "transform_matrix": [
                [
                    0.543014312683227,
                    0.29071412640781935,
                    -0.787794867332893,
                    -4.549189321832358
                ],
                [
                    -0.8393661813015315,
                    0.16054944170804578,
                    -0.5193152130018894,
                    -2.025289243814712
                ],
                [
                    -0.02449224234737547,
                    0.943243962896323,
                    0.33119625087411364,
                    1.3722387886150245
                ],
                [
                    0.0,
                    0.0,
                    0.0,
                    1.0
                ]
            ]
        },
        {
            "file_path": "images/00000017.png",
            "transform_matrix": [
                [
                    0.5462054268833136,
                    0.28732065065910345,
                    -0.7868331941498121,
                    -4.27780462083301
                ],
                [
                    -0.8374256600524096,
                    0.1655028144976661,
                    -0.5208906625001221,
                    -1.8426252191002186
                ],
                [
                    -0.01943953589980459,
                    0.943427613632465,
                    0.3310082209679763,
                    1.3494297316687494
                ],
                [
                    0.0,
                    0.0,
                    0.0,
                    1.0
                ]
            ]
        },
        {
            "file_path": "images/00000018.png",
            "transform_matrix": [
                [
                    0.5491541492990838,
                    0.28416098869648326,
                    -0.7859276384493589,
                    -4.560245449205856
                ],
                [
                    -0.8356003116762584,
                    0.17070897542060423,
                    -0.5221403689029092,
                    -1.975597660026466
                ],
                [
                    -0.014207021551372741,
                    0.9434569297428586,
                    0.3311905528958356,
                    1.3758595635633428
                ],
                [
                    0.0,
                    0.0,
                    0.0,
                    1.0
                ]
            ]
        },
        {
            "file_path": "images/00000019.png",
            "transform_matrix": [
                [
                    0.5519880982065686,
                    0.28067007670108574,
                    -0.7851964388297057,
                    -4.810452380496214
                ],
                [
                    -0.833814119465678,
                    0.17681349558299567,
                    -0.522963671740281,
                    -2.242110296931007
                ],
                [
                    -0.007946926790426535,
                    0.943377599845421,
                    0.3316256180289938,
                    1.384822410716301
                ],
                [
                    0.0,
                    0.0,
                    0.0,
                    1.0
                ]
            ]
        },
        {
            "file_path": "images/00000020.png",
            "transform_matrix": [
                [
                    0.559940602290936,
                    0.27438747856982854,
                    -0.7817787625524922,
                    -4.656051836255287
                ],
                [
                    -0.8285220408555662,
                    0.1806366730740527,
                    -0.5300203959829686,
                    -2.39830329647566
                ],
                [
                    -0.004213045296917513,
                    0.9445008756007157,
                    0.32848188124680416,
                    1.353920911831752
                ],
                [
                    0.0,
                    0.0,
                    0.0,
                    1.0
                ]
            ]
        },
        {
            "file_path": "images/00000021.png",
            "transform_matrix": [
                [
                    0.5659273834278055,
                    0.2695412076191182,
                    -0.7791493657507111,
                    -4.867703747207815
                ],
                [
                    -0.8244544117439051,
                    0.1862328512836609,
                    -0.5344083158591814,
                    -2.2616079604845836
                ],
                [
                    0.0010581451412274123,
                    0.9448094318768883,
                    0.3276187080036246,
                    1.3777916130624652
                ],
                [
                    0.0,
                    0.0,
                    0.0,
                    1.0
                ]
            ]
        },
        {
            "file_path": "images/00000022.png",
            "transform_matrix": [
                [
                    0.5697724354417304,
                    0.26472747120186774,
                    -0.7779966181609106,
                    -5.1073256486544745
                ],
                [
                    -0.821744102240994,
                    0.19481503681701753,
                    -0.5355219247265268,
                    -2.3991251625079757
                ],
                [
                    0.009798074904521956,
                    0.9444397638210457,
                    0.3285384761492106,
                    1.3893824438039664
                ],
                [
                    0.0,
                    0.0,
                    0.0,
                    1.0
                ]
            ]
        },
        {
            "file_path": "images/00000023.png",
            "transform_matrix": [
                [
                    0.5795920460112421,
                    0.2567456412152281,
                    -0.7734046392319056,
                    -5.294081782312172
                ],
                [
                    -0.8147948425704361,
                    0.1983121242770043,
                    -0.5447767119527387,
                    -2.274413274505495
                ],
                [
                    0.01350647070233925,
                    0.9459143603661727,
                    0.3241351541731529,
                    1.4220407985494692
                ],
                [
                    0.0,
                    0.0,
                    0.0,
                    1.0
                ]
            ]
        },
        {
            "file_path": "images/00000024.png",
            "transform_matrix": [
                [
                    0.5854277226782212,
                    0.25048395592118455,
                    -0.7710591218666805,
                    -5.049709660125396
                ],
                [
                    -0.810426042455089,
                    0.20661778522276517,
                    -0.5481958778948444,
                    -2.3976234103660694
                ],
                [
                    0.022000255921115975,
                    0.9458154570108789,
                    0.3239585005634827,
                    1.4000000603062974
                ],
                [
                    0.0,
                    0.0,
                    0.0,
                    1.0
                ]
            ]
        },
        {
            "file_path": "images/00000025.png",
            "transform_matrix": [
                [
                    0.5942054172119944,
                    0.2427908840939227,
                    -0.7667936546586455,
                    -4.812326358024966
                ],
                [
                    -0.8037112309330797,
                    0.2161144891166453,
                    -0.5543850510850403,
                    -2.4192488997147117
                ],
                [
                    0.03111558225304647,
                    0.9456992726334557,
                    0.3235501604855715,
                    1.3859200466681612
                ],
                [
                    0.0,
                    0.0,
                    0.0,
                    1.0
                ]
            ]
        },
        {
            "file_path": "images/00000026.png",
            "transform_matrix": [
                [
                    0.6026849237987082,
                    0.235073108903704,
                    -0.7625690238686875,
                    -4.5820033293119655
                ],
                [
                    -0.7969919681343755,
                    0.22484437186664738,
                    -0.5605789963688129,
                    -2.4415203783542356
                ],
                [
                    0.039682305714181534,
                    0.945613896881111,
                    0.32286169284564925,
                    1.3720994647873979
                ],
                [
                    0.0,
                    0.0,
                    0.0,
                    1.0
                ]
            ]
        },
        {
            "file_path": "images/00000027.png",
            "transform_matrix": [
                [
                    0.6098361713130896,
                    0.22591241878225785,
                    -0.7596469069680277,
                    -4.372861062005539
                ],
                [
                    -0.7909342994372776,
                    0.2342329200771004,
                    -0.5652945012349725,
                    -2.4637191504545144
                ],
                [
                    0.05022726514835505,
                    0.945567828479932,
                    0.32152558785903057,
                    1.3523227284268993
                ],
                [
                    0.0,
                    0.0,
                    0.0,
                    1.0
                ]
            ]
        },
        {
            "file_path": "images/00000028.png",
            "transform_matrix": [
                [
                    0.6184435236517195,
                    0.21756958977735583,
                    -0.7551099798872405,
                    -4.14144124104927
                ],
                [
                    -0.7835292042308376,
                    0.24419040089252153,
                    -0.5713606866332488,
                    -2.4868094117366755
                ],
                [
                    0.06007989850090381,
                    0.9450050379653477,
                    0.32149009951297913,
                    1.3485628765222386
                ],
                [
                    0.0,
                    0.0,
                    0.0,
                    1.0
                ]
            ]
        },
        {
            "file_path": "images/00000029.png",
            "transform_matrix": [
                [
                    0.6323407154689139,
                    0.20901374478137563,
                    -0.7459614427841958,
                    -3.968945576892121
                ],
                [
                    -0.7718628234637569,
                    0.2521805128127958,
                    -0.5836375336736925,
                    -2.510871992461876
                ],
                [
                    0.06612867267178583,
                    0.9448376810402439,
                    0.32079394508904674,
                    1.3462466356155625
                ],
                [
                    0.0,
                    0.0,
                    0.0,
                    1.0
                ]
            ]
        },
        {
            "file_path": "images/00000030.png",
            "transform_matrix": [
                [
                    0.6417346573704545,
                    0.19639071233894215,
                    -0.7413550550880322,
                    -3.8819711611819856
                ],
                [
                    -0.7630117345544066,
                    0.26104205408763614,
                    -0.5913291291071853,
                    -2.534762032478751
                ],
                [
                    0.07739329749630709,
                    0.9451390025641663,
                    0.3173681512113207,
                    1.3282700911718062
                ],
                [
                    0.0,
                    0.0,
                    0.0,
                    1.0
                ]
            ]
        },
        {
            "file_path": "images/00000031.png",
            "transform_matrix": [
                [
                    0.6500653152224951,
                    0.18474299618032497,
                    -0.7370787687723371,
                    -3.772266389511791
                ],
                [
                    -0.7545061497061782,
                    0.27206589849605106,
                    -0.597244185347813,
                    -2.5571262090437714
                ],
                [
                    0.09019731723597744,
                    0.9443781934695162,
                    0.31625033080032905,
                    1.322623594524376
                ],
                [
                    0.0,
                    0.0,
                    0.0,
                    1.0
                ]
            ]
        },
        {
            "file_path": "images/00000032.png",
            "transform_matrix": [
                [
                    0.662367161517799,
                    0.1735203266683276,
                    -0.7288075463685324,
                    -3.6766386482811093
                ],
                [
                    -0.7424552167100064,
                    0.28208084841557823,
                    -0.6076106040367661,
                    -2.5820341389192922
                ],
                [
                    0.10014986051171357,
                    0.943568275882886,
                    0.3156721626236853,
                    1.3241441470412776
                ],
                [
                    0.0,
                    0.0,
                    0.0,
                    1.0
                ]
            ]
        },
        {
            "file_path": "images/00000033.png",
            "transform_matrix": [
                [
                    0.6676582080367383,
                    0.16218833543399877,
                    -0.7265861691212339,
                    -3.6108521888829364
                ],
                [
                    -0.7355325203701868,
                    0.29446802359009916,
                    -0.6101479284251482,
                    -2.608573659996416
                ],
                [
                    0.11499751630925553,
                    0.9417980287695237,
                    0.3158987880907017,
                    1.3412637106598246
                ],
                [
                    0.0,
                    0.0,
                    0.0,
                    1.0
                ]
            ]
        },
        {
            "file_path": "images/00000034.png",
            "transform_matrix": [
                [
                    0.6823066847397811,
                    0.15232958858698603,
                    -0.7150197790748715,
                    -3.5117694333991194
                ],
                [
                    -0.7207858001822136,
                    0.30361423404321913,
                    -0.6231261727312642,
                    -2.6326624085135872
                ],
                [
                    0.1221696290196346,
                    0.9405392566974492,
                    0.3169550258709368,
                    1.3479477482424262
                ],
                [
                    0.0,
                    0.0,
                    0.0,
                    1.0
                ]
            ]
        },
        {
            "file_path": "images/00000035.png",
            "transform_matrix": [
                [
                    0.6938216396582905,
                    0.1414577257365206,
                    -0.7061170188002004,
                    -3.4081902134102555
                ],
                [
                    -0.7079373279273559,
                    0.3137643049352784,
                    -0.632753269984624,
                    -2.6557666403837725
                ],
                [
                    0.13204647708244738,
                    0.9389045067733226,
                    0.31783966888903376,
                    1.3568344282447737
                ],
                [
                    0.0,
                    0.0,
                    0.0,
                    1.0
                ]
            ]
        },
        {
            "file_path": "images/00000036.png",
            "transform_matrix": [
                [
                    0.7048735539429491,
                    0.12788268449062892,
                    -0.6977100343461146,
                    -3.3110134306081553
                ],
                [
                    -0.6948432609655864,
                    0.3222778972169512,
                    -0.6429073025380936,
                    -2.680422537835291
                ],
                [
                    0.1426398110090353,
                    0.9379674706693675,
                    0.31602358828107674,
                    1.354475891718746
                ],
                [
                    0.0,
                    0.0,
                    0.0,
                    1.0
                ]
            ]
        },
        {
            "file_path": "images/00000037.png",
            "transform_matrix": [
                [
                    0.7155048597994655,
                    0.11462907544892267,
                    -0.6891392970459762,
                    -3.4201346626804376
                ],
                [
                    -0.6814586766040529,
                    0.3317450711383904,
                    -0.6523490475635836,
                    -2.6578153264660958
                ],
                [
                    0.15384039693058185,
                    0.9363788671780959,
                    0.31548018866980876,
                    1.350711208706139
                ],
                [
                    0.0,
                    0.0,
                    0.0,
                    1.0
                ]
            ]
        },
        {
            "file_path": "images/00000038.png",
            "transform_matrix": [
                [
                    0.7292734253833575,
                    0.10178464120486881,
                    -0.6766093096554091,
                    -3.3018346995671966
                ],
                [
                    -0.664489590276322,
                    0.34113245524137437,
                    -0.6648926472717802,
                    -2.6783976818959516
                ],
                [
                    0.16313753549961027,
                    0.9344883813381683,
                    0.31641366867396026,
                    1.3568197644208462
                ],
                [
                    0.0,
                    0.0,
                    0.0,
                    1.0
                ]
            ]
        },
        {
            "file_path": "images/00000039.png",
            "transform_matrix": [
                [
                    0.7425182016964567,
                    0.08598989638696422,
                    -0.6642834168762363,
                    -3.1941374706793044
                ],
                [
                    -0.647159408499706,
                    0.3479030300031827,
                    -0.6783422305190747,
                    -2.7012299837342346
                ],
                [
                    0.17277563539487525,
                    0.9335787162815762,
                    0.31397350268545327,
                    1.3525006243287714
                ],
                [
                    0.0,
                    0.0,
                    0.0,
                    1.0
                ]
            ]
        },
        {
            "file_path": "images/00000040.png",
            "transform_matrix": [
                [
                    0.748224664310497,
                    0.0718808487773453,
                    -0.659539987691756,
                    -3.3160570406591705
                ],
                [
                    -0.6364284184425489,
                    0.3585669330569521,
                    -0.6829265134094039,
                    -2.681539345941272
                ],
                [
                    0.18739989317863462,
                    0.9307324525107723,
                    0.31403563802305917,
                    1.3457590404661148
                ],
                [
                    0.0,
                    0.0,
                    0.0,
                    1.0
                ]
            ]
        },
        {
            "file_path": "images/00000041.png",
            "transform_matrix": [
                [
                    0.7568279550916953,
                    0.05772467707218299,
                    -0.6510601417047303,
                    -3.444800586641989
                ],
                [
                    -0.6225759260368233,
                    0.36697437272454353,
                    -0.6911794456459899,
                    -2.6631665623478775
                ],
                [
                    0.19902427680920295,
                    0.9284382970771546,
                    0.3136744583635677,
                    1.3470352461183688
                ],
                [
                    0.0,
                    0.0,
                    0.0,
                    1.0
                ]
            ]
        },
        {
            "file_path": "images/00000042.png",
            "transform_matrix": [
                [
                    0.7673531361289972,
                    0.043879236331988446,
                    -0.6397216403717042,
                    -3.3155554854534195
                ],
                [
                    -0.6064019471675938,
                    0.3739568501410613,
                    -0.7017356715349474,
                    -2.6814000376717586
                ],
                [
                    0.2084366642266089,
                    0.926407516652579,
                    0.31356541608461247,
                    1.3455776664471197
                ],
                [
                    0.0,
                    0.0,
                    0.0,
                    1.0
                ]
            ]
        },
        {
            "file_path": "images/00000043.png",
            "transform_matrix": [
                [
                    0.7743349729301574,
                    0.027872057332379182,
                    -0.6321617658362945,
                    -3.1946996922123123
                ],
                [
                    -0.5921306873633683,
                    0.384193763456547,
                    -0.7083617728282328,
                    -2.701538004693373
                ],
                [
                    0.22312910798564964,
                    0.9228316751171947,
                    0.31399856789251634,
                    1.3408708846376496
                ],
                [
                    0.0,
                    0.0,
                    0.0,
                    1.0
                ]
            ]
        },
        {
            "file_path": "images/00000044.png",
            "transform_matrix": [
                [
                    0.7805485493772769,
                    0.011586312948282941,
                    -0.6249877754686416,
                    -3.0549986967100358
                ],
                [
                    -0.5788353921898461,
                    0.3908663696288252,
                    -0.7156626788105466,
                    -2.7103516369445857
                ],
                [
                    0.23599481109771808,
                    0.92037450991628,
                    0.3117967458135998,
                    1.3200556439588016
                ],
                [
                    0.0,
                    0.0,
                    0.0,
                    1.0
                ]
            ]
        },
        {
            "file_path": "images/00000045.png",
            "transform_matrix": [
                [
                    0.7900394006711553,
                    -0.004393231965355726,
                    -0.6130403289898695,
                    -2.9143773619067415
                ],
                [
                    -0.5613961027908487,
                    0.3965909983627991,
                    -0.7263263700221301,
                    -2.723373488185362
                ],
                [
                    0.24631719633681362,
                    0.9179849016124728,
                    0.3108561713541182,
                    1.308383489305299
                ],
                [
                    0.0,
                    0.0,
                    0.0,
                    1.0
                ]
            ]
        },
        {
            "file_path": "images/00000046.png",
            "transform_matrix": [
                [
                    0.7978403029659479,
                    -0.021064619896889784,
                    -0.602500732630053,
                    -2.7815112327103506
                ],
                [
                    -0.5446030644817396,
                    0.40345427077725693,
                    -0.7352769230360559,
                    -2.739002158796056
                ],
                [
                    0.2585698226287303,
                    0.9147573083817774,
                    0.31042022108184725,
                    1.2959695829246398
                ],
                [
                    0.0,
                    0.0,
                    0.0,
                    1.0
                ]
            ]
        },
        {
            "file_path": "images/00000047.png",
            "transform_matrix": [
                [
                    0.8031967180540388,
                    -0.036047967726376834,
