{
  "camera_angle_x": 1.029943838495136,
  "camera_angle_y": 0.6163588541712562,
  "fl_x": 1696.3992496576898,
  "fl_y": 1696.3992496576898,
  "k1": 0.014822982683644603,
  "k2": 0,
  "k3": 0,
  "k4": 0,
  "p1": 0,
  "p2": 0,
  "is_fisheye": false,
  "cx": 960.0,
  "cy": 540.0,
  "w": 1920.0,
  "h": 1080.0,
  "aabb_scale": 32,
  "frames": [
    {
      "file_path": "./../tapall_colmap_data/toy/images/00000195.jpg",
      "sharpness": 57.46506841559231,
      "transform_matrix": [
        [
          0.1947093350878848,
          -0.5337264947548872,
          0.8229363909085584,
          3.4425093778960347
        ],
        [
          0.9416666134600243,
          0.3365164117332696,
          -0.004549021647812755,
          0.009067153486039741
        ],
        [
          -0.2745036679746242,
          0.7758174613002231,
          0.5681153076044698,
          2.3663804174764596
        ],
        [
          0.0,
          0.0,
          0.0,
          1.0
        ]
      ]
    },
    {
      "file_path": "./../tapall_colmap_data/toy/images/00000188.jpg",
      "sharpness": 19.28288443885296,
      "transform_matrix": [
        [
          0.6439161503405963,
          -0.36332340647318095,
          0.6733261419955255,
          3.1700269984943414
        ],
        [
          0.6578473942576366,
          0.7122638605245815,
          -0.2447794900070587,
          -0.9141102287001895
        ],
        [
          -0.390651759145723,
          0.6005633148849837,
          0.6976495593169104,
          2.6416226696492795
        ],
        [
          0.0,
          0.0,
          0.0,
          1.0
        ]
      ]
    },
    {
      "file_path": "./../tapall_colmap_data/toy/images/00000181.jpg",
      "sharpness": 23.584904913807065,
      "transform_matrix": [
        [
          0.9201318982965675,
          -0.0789884372331261,
          0.38355979504626336,
          1.875679878521037
        ],
        [
          0.22579153579006592,
          0.9072598584834414,
          -0.3548207031998385,
          -1.052762652792716
        ],
        [
          -0.3199616725298968,
          0.4130864023810093,
          0.852633656387169,
          2.9957659364880556
        ],
        [
          0.0,
          0.0,
          0.0,
          1.0
        ]
      ]
    },
    {
      "file_path": "./../tapall_colmap_data/toy/images/00000174.jpg",
      "sharpness": 48.0297612804837,
      "transform_matrix": [
        [
          0.9795257893975129,
          0.1873516628853591,
          0.07367891268591016,
          0.5526252185062228
        ],
        [
          -0.14994952888146199,
          0.9231694251162933,
          -0.35393975643849185,
          -0.9881677270567885
        ],
        [
          -0.13432932139743575,
          0.33564500107882683,
          0.9323615534695036,
          2.9340654983254564
        ],
        [
          0.0,
          0.0,
          0.0,
          1.0
        ]
      ]
    },
    {
      "file_path": "./../tapall_colmap_data/toy/images/00000167.jpg",
      "sharpness": 37.47371424393939,
      "transform_matrix": [
        [
          0.9001575845600085,
          0.3739378498347912,
          -0.22335354771154267,
          -0.9974567970870797
        ],
        [
          -0.4264250711270696,
          0.8610770291927287,
          -0.2769621063971699,
          -0.5557018011987317
        ],
        [
          0.0887579947712391,
          0.34455309317850674,
          0.934561492931139,
          2.9214357333325682
        ],
        [
          0.0,
          0.0,
          0.0,
          1.0
        ]
      ]
    },
    {
      "file_path": "./../tapall_colmap_data/toy/images/00000160.jpg",
      "sharpness": 21.84706017178926,
      "transform_matrix": [
        [
          0.8643062872743142,
          0.39333828157795914,
          -0.3134639339361014,
          -1.234231992529854
        ],
        [
          -0.4863181686702778,
          0.8125664475132468,
          -0.3212948911295476,
          -0.8039706164328819
        ],
        [
          0.12833269486531115,
          0.4301404007683703,
          0.8935938421787606,
          2.6860137550817162
        ],
        [
          0.0,
          0.0,
          0.0,
          1.0
        ]
      ]
    },
    {
      "file_path": "./../tapall_colmap_data/toy/images/00000153.jpg",
      "sharpness": 19.057927421913078,
      "transform_matrix": [
        [
          0.9486356939594732,
          0.26434786120236836,
          -0.17381176104933205,
          -0.9028412075885213
        ],
        [
          -0.31549011656316917,
          0.8313985689919641,
          -0.457430219485039,
          -1.3410401782990462
        ],
        [
          0.02358614924018783,
          0.48877052645272806,
          0.8720934959965646,
          2.5862320834090897
        ],
        [
          0.0,
          0.0,
          0.0,
          1.0
        ]
      ]
    },
    {
      "file_path": "./../tapall_colmap_data/toy/images/00000146.jpg",
      "sharpness": 24.405169236360948,
      "transform_matrix": [
        [
          0.9934011395798912,
          0.11338500148120786,
          -0.017263173977813233,
          -0.48077809282272427
        ],
        [
          -0.10406266109978018,
          0.8277872675553184,
          -0.5513068130426019,
          -1.5567372586559416
        ],
        [
          -0.048219688197009204,
          0.5494652681578386,
          0.8341239599021149,
          2.5670540639897417
        ],
        [
          0.0,
          0.0,
          0.0,
          1.0
        ]
      ]
    },
    {
      "file_path": "./../tapall_colmap_data/toy/images/00000139.jpg",
      "sharpness": 27.15494789817193,
      "transform_matrix": [
        [
          0.991482008975013,
          -0.05549379549781211,
          0.11782981114907516,
          0.5293233861060647
        ],
        [
          0.11769286602859291,
          0.7692176943169392,
          -0.6280545580638405,
          -2.105485512302909
        ],
        [
          -0.05578364444722866,
          0.6365725231527934,
          0.7691967287394289,
          2.632201317676218
        ],
        [
          0.0,
          0.0,
          0.0,
          1.0
        ]
      ]
    },
    {
      "file_path": "./../tapall_colmap_data/toy/images/00000133.jpg",
      "sharpness": 22.418695356929568,
      "transform_matrix": [
        [
          0.9203744501374852,
          -0.2564836486066813,
          0.2951728466286046,
          0.9084235271122446
        ],
        [
          0.38917431926343626,
          0.6744129446523242,
          -0.6274635680103512,
          -2.025323788771216
        ],
        [
          -0.03813424338514457,
          0.69237512804057,
          0.7205292924486929,
          2.4844797973788353
        ],
        [
          0.0,
          0.0,
          0.0,
          1.0
        ]
      ]
    },
    {
      "file_path": "./../tapall_colmap_data/toy/images/00000126.jpg",
      "sharpness": 29.047559313611085,
      "transform_matrix": [
        [
          0.7734829324676344,
          -0.3901464126330769,
          0.4995096893415762,
          1.7226170259613511
        ],
        [
          0.6264221276059753,
          0.5905987248784464,
          -0.5087125554639034,
          -1.9283840379495822
        ],
        [
          -0.09653740701391679,
          0.7063844015404743,
          0.7012143795100771,
          2.61456218340682
        ],
        [
          0.0,
          0.0,
          0.0,
          1.0
        ]
      ]
    },
    {
      "file_path": "./../tapall_colmap_data/toy/images/00000202.jpg",
      "sharpness": 5.6473779357135685,
      "transform_matrix": [
        [
          -0.17049974447090324,
          -0.5884381177122575,
          0.7903609419840533,
          3.5243832806294106
        ],
        [
          0.9770147059896404,
          0.0032000161198893896,
          0.21314789242652027,
          1.587608858427112
        ],
        [
          -0.12795351236867622,
          0.8085359245514787,
          0.5743670926389949,
          2.527446646218893
        ],
        [
          0.0,
          0.0,
          0.0,
          1.0
        ]
      ]
    },
    {
      "file_path": "./../tapall_colmap_data/toy/images/00000000.jpg",
      "sharpness": 83.64810596831529,
      "transform_matrix": [
        [
          -0.7624728161118877,
          -0.09048923705930882,
          0.6406613009400052,
          3.0367359545631305
        ],
        [
          0.6423245092343717,
          -0.22493939027794385,
          0.7326810325150154,
          3.3190401288429072
        ],
        [
          0.07781021476800887,
          0.9701618258852325,
          0.2296336251448282,
          1.0364016260186704
        ],
        [
          0.0,
          0.0,
          0.0,
          1.0
        ]
      ]
    },
    {
      "file_path": "./../tapall_colmap_data/toy/images/00000209.jpg",
      "sharpness": 19.024288878445425,
      "transform_matrix": [
        [
          -0.4690105139051057,
          -0.529246653366104,
          0.7070552436709284,
          3.1913529084662655
        ],
        [
          0.8830928044219601,
          -0.26898588447494315,
          0.3844394524505114,
          2.6401762219911116
        ],
        [
          -0.013275413539859438,
          0.8047015431738244,
          0.5935311192628224,
          2.844397773495006
        ],
        [
          0.0,
          0.0,
          0.0,
          1.0
        ]
      ]
    },
    {
      "file_path": "./../tapall_colmap_data/toy/images/00000007.jpg",
      "sharpness": 36.044191691574696,
      "transform_matrix": [
        [
          -0.9139411534949805,
          0.0035301558417318952,
          0.4058313760705373,
          1.6005141220127699
        ],
        [
          0.3818578102525333,
          -0.33121501037610096,
          0.8628332570779583,
          3.833974366940599
        ],
        [
          0.13746337929906485,
          0.9435487028457283,
          0.3013630110584118,
          1.149249420402558
        ],
        [
          0.0,
          0.0,
          0.0,
          1.0
        ]
      ]
    },
    {
      "file_path": "./../tapall_colmap_data/toy/images/00000216.jpg",
      "sharpness": 13.076088009346098,
      "transform_matrix": [
        [
          -0.68932036396674,
          -0.456668221863698,
          0.5623980537092192,
          2.7619235930708306
        ],
        [
          0.7230517481711546,
          -0.48199991261648373,
          0.49484568662705103,
          2.8684929290252135
        ],
        [
          0.04509551293462801,
          0.7477501047156362,
          0.6624471113494911,
          3.3990688572524146
        ],
        [
          0.0,
          0.0,
          0.0,
          1.0
        ]
      ]
    },
    {
      "file_path": "./../tapall_colmap_data/toy/images/00000014.jpg",
      "sharpness": 30.637675190556,
      "transform_matrix": [
        [
          -0.9874982843963637,
          0.14962629720059,
          0.04958940769546808,
          0.23816884542553227
        ],
        [
          -0.021000088800019856,
          -0.43666879423553717,
          0.8993772068939327,
          4.4407692034436685
        ],
        [
          0.1562246281193829,
          0.8870920668678071,
          0.43435185068505233,
          1.8633104513828316
        ],
        [
          0.0,
          0.0,
          0.0,
          1.0
        ]
      ]
    },
    {
      "file_path": "./../tapall_colmap_data/toy/images/00000223.jpg",
      "sharpness": 31.460620679606777,
      "transform_matrix": [
        [
          -0.9097920580880597,
          -0.1837633475054771,
          0.37216856800216497,
          1.4884797268272607
        ],
        [
          0.3878907125219296,
          -0.6955270572652311,
          0.6047998905590648,
          3.70694458787125
        ],
        [
          0.14771325644908084,
          0.694602868183791,
          0.7040650886845811,
          3.424111002625848
        ],
        [
          0.0,
          0.0,
          0.0,
          1.0
        ]
      ]
    },
    {
      "file_path": "./../tapall_colmap_data/toy/images/00000021.jpg",
      "sharpness": 19.181853092676533,
      "transform_matrix": [
        [
          -0.9420997044444284,
          0.2944957941492312,
          -0.16037572749466383,
          -1.1032524717600807
        ],
        [
          -0.280867489641753,
          -0.43170617440554065,
          0.8571716468196618,
          3.945296198169142
        ],
        [
          0.1831982530681339,
          0.8525854831078438,
          0.4894245537270437,
          2.2385083376274095
        ],
        [
          0.0,
          0.0,
          0.0,
          1.0
        ]
      ]
    },
    {
      "file_path": "./../tapall_colmap_data/toy/images/00000230.jpg",
      "sharpness": 17.087287555157694,
      "transform_matrix": [
        [
          -0.9600565663303096,
          0.2316553052615246,
          0.1569305860740795,
          0.503249467620826
        ],
        [
          -0.07549624620876948,
          -0.7545159297793197,
          0.6519248640654013,
          3.323219338696407
        ],
        [
          0.2694284804551462,
          0.614037076336048,
          0.7418670787470465,
          3.5391871063262954
        ],
        [
          0.0,
          0.0,
          0.0,
          1.0
        ]
      ]
    },
    {
      "file_path": "./../tapall_colmap_data/toy/images/00000028.jpg",
      "sharpness": 18.979810869431724,
      "transform_matrix": [
        [
          -0.7985779219973829,
          0.4670733509413206,
          -0.3796258515882399,
          -2.0824514512803187
        ],
        [
          -0.5602781981167655,
          -0.34641272132863127,
          0.7523872454300253,
          3.0662558687145194
        ],
        [
          0.21991280759313073,
          0.8135359310792465,
          0.5383285666058396,
          2.5852665462408755
        ],
        [
          0.0,
          0.0,
          0.0,
          1.0
        ]
      ]
    },
    {
      "file_path": "./../tapall_colmap_data/toy/images/00000237.jpg",
      "sharpness": 43.20645054119143,
      "transform_matrix": [
        [
          -0.8574377819304436,
          0.5145776660755396,
          0.003205549837322579,
          -0.007155014441835527
        ],
        [
          -0.41047074950931184,
          -0.6876953840173408,
          0.5988228640153652,
          2.5837683230463515
        ],
        [
          0.31034531358406114,
          0.5121375638462553,
          0.8008750849904127,
          3.6735696430914238
        ],
        [
          0.0,
          0.0,
          0.0,
          1.0
        ]
      ]
    },
    {
      "file_path": "./../tapall_colmap_data/toy/images/00000035.jpg",
      "sharpness": 28.287414147488736,
      "transform_matrix": [
        [
          -0.5730359151313451,
          0.6343014724939168,
          -0.5189330224768309,
          -2.5068011858447843
        ],
        [
          -0.7823735014358981,
          -0.2349075194369292,
          0.5768103340197542,
          1.8942523109401719
        ],
        [
          0.24397037515449754,
          0.7365324834181385,
          0.6308711093727868,
          2.613836780021417
        ],
        [
          0.0,
          0.0,
          0.0,
          1.0
        ]
      ]
    },
    {
      "file_path": "./../tapall_colmap_data/toy/images/00000244.jpg",
      "sharpness": 38.82879834359252,
      "transform_matrix": [
        [
          -0.9629408775652798,
          0.21593596620771482,
          0.16160607868226248,
          0.7970432556571955
        ],
        [
          -0.09087505438621052,
          -0.8239009115498481,
          0.5594005830410715,
          2.406222040341015
        ],
        [
          0.25394210093444536,
          0.523983727154706,
          0.8129910594677102,
          3.6504574766455264
        ],
        [
          0.0,
          0.0,
          0.0,
          1.0
        ]
      ]
    },
    {
      "file_path": "./../tapall_colmap_data/toy/images/00000042.jpg",
      "sharpness": 13.723194461043994,
      "transform_matrix": [
        [
          -0.3402678443973506,
          0.7461922603044097,
          -0.5722018040746505,
          -2.121286955459517
        ],
        [
          -0.9146988976854397,
          -0.12155485347983584,
          0.38542229312482146,
          0.9136105153101332
        ],
        [
          0.21804522562332734,
          0.6545391723049698,
          0.7239024459314698,
          2.745418274649356
        ],
        [
          0.0,
          0.0,
          0.0,
          1.0
        ]
      ]
    },
    {
      "file_path": "./../tapall_colmap_data/toy/images/00000251.jpg",
      "sharpness": 18.232830254828094,
      "transform_matrix": [
        [
          -0.8085539332089718,
          -0.42979046238566454,
          0.4018963739447353,
          2.27347317473919
        ],
        [
          0.5849678024547937,
          -0.6610089516457763,
          0.4699785482385549,
          1.7259558390258896
        ],
        [
          0.06366480325265654,
          0.615099442383128,
          0.7858749700373036,
          3.278847000867795
        ],
        [
          0.0,
          0.0,
          0.0,
          1.0
        ]
      ]
    },
    {
      "file_path": "./../tapall_colmap_data/toy/images/00000049.jpg",
      "sharpness": 59.051013522376564,
      "transform_matrix": [
        [
          -0.04604639864823104,
          0.8263651106488004,
          -0.561248993699973,
          -1.8189990476558089
        ],
        [
          -0.9857109132799484,
          0.05354528972041259,
          0.15970878892104118,
          0.039620568719608104
        ],
        [
          0.16203001100127726,
          0.560583272719737,
          0.8120915401641138,
          2.9044158173143977
        ],
        [
          0.0,
          0.0,
          0.0,
          1.0
        ]
      ]
    },
    {
      "file_path": "./../tapall_colmap_data/toy/images/00000077.jpg",
      "sharpness": 57.76192701751097,
      "transform_matrix": [
        [
          -0.8354407277614352,
          0.5409859287645628,
          0.09681433329572162,
          0.8604283813861214
        ],
        [
          -0.3475710033404609,
          -0.6565516944476785,
          0.6694283158216764,
          2.3985514356876947
        ],
        [
          0.425714913748215,
          0.5256178243928417,
          0.7365410474761424,
          2.836813324174851
        ],
        [
          0.0,
          0.0,
          0.0,
          1.0
        ]
      ]
    },
    {
      "file_path": "./../tapall_colmap_data/toy/images/00000258.jpg",
      "sharpness": 36.20750760403625,
      "transform_matrix": [
        [
          -0.21711603352200212,
          -0.7239642704869256,
          0.6547796292656903,
          2.7831569946754366
        ],
        [
          0.9651045155671346,
          -0.058599741003427866,
          0.2552241059447881,
          0.7136704441073474
        ],
        [
          -0.14640321698170655,
          0.6873440224476238,
          0.7114241298882793,
          2.8601837735958306
        ],
        [
          0.0,
          0.0,
          0.0,
          1.0
        ]
      ]
    },
    {
      "file_path": "./../tapall_colmap_data/toy/images/00000056.jpg",
      "sharpness": 43.31863529894796,
      "transform_matrix": [
        [
          -0.1143987191412427,
          0.8902521109009298,
          -0.44086745394799765,
          -1.1683233099014507
        ],
        [
          -0.9742959067862917,
          -0.013851144481606506,
          0.22484579534669016,
          0.5931920516857915
        ],
        [
          0.19406292513271775,
          0.45525742680878356,
          0.8689535408459681,
          3.323235965130683
        ],
        [
          0.0,
          0.0,
          0.0,
          1.0
        ]
      ]
    },
    {
      "file_path": "./../tapall_colmap_data/toy/images/00000084.jpg",
      "sharpness": 31.91419471498596,
      "transform_matrix": [
        [
          -0.9384031229736811,
          0.07464437016228143,
          0.33738375279735544,
          1.3229531411874231
        ],
        [
          0.15770558947635618,
          -0.7762470225364047,
          0.610384720418475,
          2.207590208271498
        ],
        [
          0.307454916573423,
          0.6259942314707667,
          0.7166607957496497,
          2.6376200908493046
        ],
        [
          0.0,
          0.0,
          0.0,
          1.0
        ]
      ]
    },
    {
      "file_path": "./../tapall_colmap_data/toy/images/00000265.jpg",
      "sharpness": 22.007992227436358,
      "transform_matrix": [
        [
          0.1411220068623225,
          -0.6571064815050819,
          0.7404698852745264,
          2.548846426925478
        ],
        [
          0.9545212185879709,
          0.28873371898139233,
          0.07431071697654613,
          -0.02705195373255195
        ],
        [
          -0.262628677539617,
          0.696307339708828,
          0.6679687613397606,
          2.322793410680475
        ],
        [
          0.0,
          0.0,
          0.0,
          1.0
        ]
      ]
    },
    {
      "file_path": "./../tapall_colmap_data/toy/images/00000063.jpg",
      "sharpness": 48.282386230825736,
      "transform_matrix": [
        [
          -0.2606646306059658,
          0.9083096078825359,
          -0.3271507396211067,
          -0.38139725411220127
        ],
        [
          -0.9268844350634237,
          -0.14065559125302,
          0.3479960467526598,
          1.0909260933529685
        ],
        [
          0.2700725720603117,
          0.3939411894534096,
          0.8785619755015166,
          3.19797471710474
        ],
        [
          0.0,
          0.0,
          0.0,
          1.0
        ]
      ]
    },
    {
      "file_path": "./../tapall_colmap_data/toy/images/00000272.jpg",
      "sharpness": 21.98403836323209,
      "transform_matrix": [
        [
          0.34015646927086,
          -0.5818567882740079,
          0.7387396389851754,
          2.5296383840485763
        ],
        [
          0.8998198999916442,
          0.42959760125359603,
          -0.07596083494302901,
          -0.46592416583079077
        ],
        [
          -0.27316244940441586,
          0.6905711974885914,
          0.6696967202838313,
          1.9133555805606488
        ],
        [
          0.0,
          0.0,
          0.0,
          1.0
        ]
      ]
    },
    {
      "file_path": "./../tapall_colmap_data/toy/images/00000070.jpg",
      "sharpness": 63.33851562142402,
      "transform_matrix": [
        [
          -0.5079322330626901,
          0.8467093048762236,
          -0.15839254877449188,
          0.2774966047181147
        ],
        [
          -0.76164783658741,
          -0.355565094771197,
          0.5417250559750088,
          1.7715236770282339
        ],
        [
          0.4023647839625796,
          0.3957989594930545,
          0.8254972828636868,
          2.950709810852255
        ],
        [
          0.0,
          0.0,
          0.0,
          1.0
        ]
      ]
    },
    {
      "file_path": "./../tapall_colmap_data/toy/images/00000091.jpg",
      "sharpness": 26.274482890360055,
      "transform_matrix": [
        [
          -0.7809765755139696,
          -0.35878342806555374,
          0.5112240605637718,
          2.033031244795572
        ],
        [
          0.6070408637657289,
          -0.6285652685162992,
          0.48621712516390125,
          2.0818874236181952
        ],
        [
          0.14689104194977717,
          0.690058080669206,
          0.7086909529706211,
          2.788159545166062
        ],
        [
          0.0,
          0.0,
          0.0,
          1.0
        ]
      ]
    },
    {
      "file_path": "./../tapall_colmap_data/toy/images/00000098.jpg",
      "sharpness": 41.53889171933401,
      "transform_matrix": [
        [
          -0.503370532051944,
          -0.5673774184622346,
          0.651690856415971,
          2.8845591889405533
        ],
        [
          0.8628047988401192,
          -0.37085556393632846,
          0.34356080926815247,
          1.5488408222857626
        ],
        [
          0.04675453502093345,
          0.7352203856294333,
          0.6762137219357878,
          2.9554148693610123
        ],
        [
          0.0,
          0.0,
          0.0,
          1.0
        ]
      ]
    },
    {
      "file_path": "./../tapall_colmap_data/toy/images/00000105.jpg",
      "sharpness": 40.75098039442472,
      "transform_matrix": [
        [
          -0.14450587362507422,
          -0.6360961840238069,
          0.7579575825951699,
          3.3841939597441697
        ],
        [
          0.9890359521215244,
          -0.06929477045928335,
          0.13040751537823242,
          0.6481920984078767
        ],
        [
          -0.03042922619631409,
          0.7684919513067497,
          0.6391354963497219,
          2.688173458869162
        ],
        [
          0.0,
          0.0,
          0.0,
          1.0
        ]
      ]
    },
    {
      "file_path": "./../tapall_colmap_data/toy/images/00000112.jpg",
      "sharpness": 37.163125359334124,
      "transform_matrix": [
        [
          0.12798989300712424,
          -0.6467495044209102,
          0.7518867372647562,
          3.021616881942271
        ],
        [
          0.9891803731973936,
          0.13805296544486315,
          -0.0496343417605504,
          -0.25131639851582793
        ],
        [
          -0.07169920782216826,
          0.750104297461134,
          0.6574213004249096,
          2.657595957824478
        ],
        [
          0.0,
          0.0,
          0.0,
          1.0
        ]
      ]
    },
    {
      "file_path": "./../tapall_colmap_data/toy/images/00000119.jpg",
      "sharpness": 21.773115328368785,
      "transform_matrix": [
        [
          0.4902780573788123,
          -0.5485230519938653,
          0.6773107763349858,
          2.893618311752522
        ],
        [
          0.8633952430225914,
          0.411826558362156,
          -0.29145761273742804,
          -1.215353436711143
        ],
        [
          -0.11906334669405702,
          0.727682174516738,
          0.6755017187905369,
          2.8435184022794044
        ],
        [
          0.0,
          0.0,
          0.0,
          1.0
        ]
      ]
    }
  ]
}